2 0.061939
3 0.043341
4 0.036226
5 0.025270
6 0.024075
7 0.017803
8 0.016900
9 0.015491
10 0.013053
11 0.012956
12 0.010650
13 0.010510
14 0.009810
15 0.008855
16 0.008848
17 0.007660
18 0.007626
19 0.007170
20 0.006708
21 0.006715
22 0.005992
23 0.005985
24 0.005648
25 0.005401
26 0.005410
27 0.004924
28 0.004924
29 0.004658
30 0.004521
31 0.004529
32 0.004180
33 0.004183
34 0.003963
35 0.003888
36 0.003895
37 0.003632
38 0.003636
39 0.003449
40 0.003410
41 0.003417
42 0.003212
43 0.003215
44 0.003052
45 0.003037
46 0.003043
47 0.002879
48 0.002882
49 0.002737
50 0.002738
51 0.002743
52 0.002608
53 0.002611
54 0.002490
55 0.002492
56 0.002496
57 0.002384
58 0.002387
59 0.002285
60 0.002287
61 0.002291
62 0.002196
63 0.002198
64 0.002111
65 0.002113
66 0.002116
67 0.002035
68 0.002037
69 0.001962
70 0.001964
71 0.001967
72 0.001896
73 0.001898
74 0.001833
75 0.001834
76 0.001837
77 0.001775
78 0.001777
79 0.001719
80 0.001721
81 0.001723
82 0.001668
83 0.001670
84 0.001619
85 0.001620
86 0.001622
87 0.001574
88 0.001575
89 0.001530
90 0.001531
91 0.001533
92 0.001489
93 0.001491
94 0.001450
95 0.001451
96 0.001453
97 0.001414
98 0.001415
99 0.001378
100 0.001379
101 0.001381
102 0.001345
103 0.001346
104 0.001313
105 0.001314
106 0.001315
107 0.001283
108 0.001284
109 0.001254
110 0.001255
111 0.001256
112 0.001226
113 0.001228
114 0.001200
115 0.001200
116 0.001202
117 0.001175
118 0.001176
119 0.001150
120 0.001151
121 0.001152
122 0.001127
123 0.001128
124 0.001104
125 0.001105
126 0.001106
127 0.001083
128 0.001084
129 0.001062
130 0.001063
131 0.001064
132 0.001042
133 0.001043
134 0.001023
135 0.001024
136 0.001024
137 0.001005
138 0.001006
139 0.000987
140 0.000987
141 0.000988
142 0.000970
143 0.000970
144 0.000953
145 0.000953
146 0.000954
147 0.000937
148 0.000938
149 0.000921
150 0.000922
151 0.000922
152 0.000906
153 0.000907
154 0.000892
155 0.000892
156 0.000893
157 0.000878
158 0.000878
159 0.000864
160 0.000864
161 0.000865
162 0.000851
163 0.000851
164 0.000838
165 0.000838
166 0.000839
167 0.000826
168 0.000826
169 0.000813
170 0.000814
171 0.000814
172 0.000802
173 0.000802
174 0.000790
175 0.000791
176 0.000791
177 0.000779
178 0.000780
179 0.000768
180 0.000769
181 0.000769
182 0.000758
183 0.000759
184 0.000748
185 0.000748
186 0.000749
187 0.000738
188 0.000738
189 0.000728
190 0.000729
191 0.000729
192 0.000719
193 0.000719
194 0.000710
195 0.000710
196 0.000710
197 0.000701
198 0.000701
199 0.000692
200 0.000692
201 0.000693
202 0.000684
203 0.000684
204 0.000675
205 0.000675
206 0.000676
207 0.000667
208 0.000667
209 0.000659
210 0.000659
211 0.000660
212 0.000651
213 0.000652
214 0.000644
215 0.000644
216 0.000644
217 0.000637
218 0.000637
219 0.000629
220 0.000630
221 0.000630
222 0.000622
223 0.000623
224 0.000615
225 0.000616
226 0.000616
227 0.000609
228 0.000609
229 0.000602
230 0.000602
231 0.000603
232 0.000596
233 0.000596
234 0.000589
235 0.000589
236 0.000590
237 0.000583
238 0.000583
239 0.000577
240 0.000577
241 0.000578
242 0.000571
243 0.000571
244 0.000565
245 0.000565
246 0.000566
247 0.000560
248 0.000560
249 0.000554
250 0.000554
251 0.000554
252 0.000549
253 0.000549
254 0.000543
255 0.000543
256 0.000544
257 0.000538
258 0.000538
259 0.000533
260 0.000533
261 0.000533
262 0.000528
263 0.000528
264 0.000523
265 0.000523
266 0.000523
267 0.000518
268 0.000518
269 0.000513
270 0.000513
271 0.000513
272 0.000508
273 0.000509
274 0.000504
275 0.000504
276 0.000504
277 0.000499
