0.000000 1.000000
0.002000 1.000958
0.004000 1.001916
0.006000 1.002872
0.008000 1.003827
0.010000 1.004782
0.012000 1.005735
0.014000 1.006688
0.016000 1.007639
0.018000 1.008590
0.020000 1.009539
0.022000 1.010488
0.024000 1.011436
0.026000 1.012383
0.028000 1.013328
0.030000 1.014273
0.032000 1.015217
0.034000 1.016160
0.036000 1.017102
0.038000 1.018043
0.040000 1.018983
0.042000 1.019922
0.044000 1.020860
0.046000 1.021797
0.048000 1.022733
0.050000 1.023668
0.052000 1.024602
0.054000 1.025536
0.056000 1.026468
0.058000 1.027399
0.060000 1.028330
0.062000 1.029259
0.064000 1.030188
0.066000 1.031115
0.068000 1.032042
0.070000 1.032967
0.072000 1.033892
0.074000 1.034815
0.076000 1.035738
0.078000 1.036660
0.080000 1.037581
0.082000 1.038500
0.084000 1.039419
0.086000 1.040337
0.088000 1.041254
0.090000 1.042170
0.092000 1.043085
0.094000 1.043999
0.096000 1.044912
0.098000 1.045824
0.100000 1.046735
0.102000 1.047645
0.104000 1.048555
0.106000 1.049463
0.108000 1.050370
0.110000 1.051277
0.112000 1.052182
0.114000 1.053086
0.116000 1.053990
0.118000 1.054892
0.120000 1.055794
0.122000 1.056694
0.124000 1.057594
0.126000 1.058493
0.128000 1.059390
0.130000 1.060287
0.132000 1.061183
0.134000 1.062077
0.136000 1.062971
0.138000 1.063864
0.140000 1.064756
0.142000 1.065647
0.144000 1.066537
0.146000 1.067426
0.148000 1.068314
0.150000 1.069201
0.152000 1.070087
0.154000 1.070972
0.156000 1.071857
0.158000 1.072740
0.160000 1.073622
0.162000 1.074503
0.164000 1.075384
0.166000 1.076263
0.168000 1.077142
0.170000 1.078019
0.172000 1.078896
0.174000 1.079771
0.176000 1.080646
0.178000 1.081519
0.180000 1.082392
0.182000 1.083264
0.184000 1.084135
0.186000 1.085004
0.188000 1.085873
0.190000 1.086741
0.192000 1.087608
0.194000 1.088474
0.196000 1.089339
0.198000 1.090203
0.200000 1.091066
0.202000 1.091928
0.204000 1.092789
0.206000 1.093649
0.208000 1.094508
0.210000 1.095367
0.212000 1.096224
0.214000 1.097080
0.216000 1.097936
0.218000 1.098790
0.220000 1.099643
0.222000 1.100496
0.224000 1.101347
0.226000 1.102198
0.228000 1.103047
0.230000 1.103896
0.232000 1.104744
0.234000 1.105590
0.236000 1.106436
0.238000 1.107281
0.240000 1.108125
0.242000 1.108968
0.244000 1.109809
0.246000 1.110650
0.248000 1.111490
0.250000 1.112329
0.252000 1.113167
0.254000 1.114004
0.256000 1.114841
0.258000 1.115676
0.260000 1.116510
0.262000 1.117343
0.264000 1.118175
0.266000 1.119007
0.268000 1.119837
0.270000 1.120666
0.272000 1.121495
0.274000 1.122322
0.276000 1.123149
0.278000 1.123974
0.280000 1.124799
0.282000 1.125623
0.284000 1.126445
0.286000 1.127267
0.288000 1.128088
0.290000 1.128907
0.292000 1.129726
0.294000 1.130544
0.296000 1.131361
0.298000 1.132177
0.300000 1.132992
0.302000 1.133806
0.304000 1.134619
0.306000 1.135431
0.308000 1.136242
0.310000 1.137052
0.312000 1.137861
0.314000 1.138669
0.316000 1.139477
0.318000 1.140283
0.320000 1.141088
0.322000 1.141893
0.324000 1.142696
0.326000 1.143499
0.328000 1.144300
0.330000 1.145101
0.332000 1.145900
0.334000 1.146699
0.336000 1.147496
0.338000 1.148293
0.340000 1.149089
0.342000 1.149883
0.344000 1.150677
0.346000 1.151470
0.348000 1.152262
0.350000 1.153053
0.352000 1.153843
0.354000 1.154632
0.356000 1.155420
0.358000 1.156207
0.360000 1.156993
0.362000 1.157778
0.364000 1.158562
0.366000 1.159345
0.368000 1.160128
0.370000 1.160909
0.372000 1.161689
0.374000 1.162469
0.376000 1.163247
0.378000 1.164025
0.380000 1.164801
0.382000 1.165576
0.384000 1.166351
0.386000 1.167125
0.388000 1.167897
0.390000 1.168669
0.392000 1.169440
0.394000 1.170209
0.396000 1.170978
0.398000 1.171746
0.400000 1.172513
0.402000 1.173279
0.404000 1.174044
0.406000 1.174808
0.408000 1.175571
0.410000 1.176333
0.412000 1.177094
0.414000 1.177854
0.416000 1.178613
0.418000 1.179371
0.420000 1.180129
0.422000 1.180885
0.424000 1.181640
0.426000 1.182394
0.428000 1.183148
0.430000 1.183900
0.432000 1.184652
0.434000 1.185402
0.436000 1.186152
0.438000 1.186900
0.440000 1.187648
0.442000 1.188395
0.444000 1.189140
0.446000 1.189885
0.448000 1.190629
0.450000 1.191372
0.452000 1.192113
0.454000 1.192854
0.456000 1.193594
0.458000 1.194333
0.460000 1.195071
0.462000 1.195808
0.464000 1.196544
0.466000 1.197280
0.468000 1.198014
0.470000 1.198747
0.472000 1.199479
0.474000 1.200210
0.476000 1.200941
0.478000 1.201670
0.480000 1.202398
0.482000 1.203126
0.484000 1.203852
0.486000 1.204578
0.488000 1.205302
0.490000 1.206026
0.492000 1.206748
0.494000 1.207470
0.496000 1.208191
0.498000 1.208911
0.500000 1.209629
0.502000 1.210347
0.504000 1.211064
0.506000 1.211780
0.508000 1.212495
0.510000 1.213209
0.512000 1.213922
0.514000 1.214634
0.516000 1.215345
0.518000 1.216055
0.520000 1.216764
0.522000 1.217472
0.524000 1.218179
0.526000 1.218886
0.528000 1.219591
0.530000 1.220295
0.532000 1.220999
0.534000 1.221701
0.536000 1.222403
0.538000 1.223103
0.540000 1.223803
0.542000 1.224501
0.544000 1.225199
0.546000 1.225895
0.548000 1.226591
0.550000 1.227286
0.552000 1.227979
0.554000 1.228672
0.556000 1.229364
0.558000 1.230055
0.560000 1.230745
0.562000 1.231434
0.564000 1.232122
0.566000 1.232809
0.568000 1.233495
0.570000 1.234180
0.572000 1.234864
0.574000 1.235547
0.576000 1.236230
0.578000 1.236911
0.580000 1.237591
0.582000 1.238270
0.584000 1.238949
0.586000 1.239626
0.588000 1.240303
0.590000 1.240978
0.592000 1.241653
0.594000 1.242326
0.596000 1.242999
0.598000 1.243670
0.600000 1.244341
0.602000 1.245011
0.604000 1.245679
0.606000 1.246347
0.608000 1.247014
0.610000 1.247680
0.612000 1.248345
0.614000 1.249009
0.616000 1.249672
0.618000 1.250334
0.620000 1.250995
0.622000 1.251655
0.624000 1.252314
0.626000 1.252972
0.628000 1.253629
0.630000 1.254286
0.632000 1.254941
0.634000 1.255595
0.636000 1.256249
0.638000 1.256901
0.640000 1.257552
0.642000 1.258203
0.644000 1.258852
0.646000 1.259501
0.648000 1.260149
0.650000 1.260795
0.652000 1.261441
0.654000 1.262085
0.656000 1.262729
0.658000 1.263372
0.660000 1.264014
0.662000 1.264655
0.664000 1.265295
0.666000 1.265933
0.668000 1.266571
0.670000 1.267208
0.672000 1.267844
0.674000 1.268480
0.676000 1.269114
0.678000 1.269747
0.680000 1.270379
0.682000 1.271010
0.684000 1.271641
0.686000 1.272270
0.688000 1.272898
0.690000 1.273526
0.692000 1.274152
0.694000 1.274777
0.696000 1.275402
0.698000 1.276025
0.700000 1.276648
0.702000 1.277270
0.704000 1.277890
0.706000 1.278510
0.708000 1.279129
0.710000 1.279746
0.712000 1.280363
0.714000 1.280979
0.716000 1.281594
0.718000 1.282208
0.720000 1.282821
0.722000 1.283433
0.724000 1.284044
0.726000 1.284654
0.728000 1.285263
0.730000 1.285871
0.732000 1.286478
0.734000 1.287085
0.736000 1.287690
0.738000 1.288294
0.740000 1.288898
0.742000 1.289500
0.744000 1.290101
0.746000 1.290702
0.748000 1.291301
0.750000 1.291900
0.752000 1.292497
0.754000 1.293094
0.756000 1.293690
0.758000 1.294284
0.760000 1.294878
0.762000 1.295471
0.764000 1.296063
0.766000 1.296653
0.768000 1.297243
0.770000 1.297832
0.772000 1.298420
0.774000 1.299007
0.776000 1.299593
0.778000 1.300178
0.780000 1.300762
0.782000 1.301345
0.784000 1.301928
0.786000 1.302509
0.788000 1.303089
0.790000 1.303668
0.792000 1.304247
0.794000 1.304824
0.796000 1.305400
0.798000 1.305976
0.800000 1.306550
0.802000 1.307124
0.804000 1.307696
0.806000 1.308268
0.808000 1.308839
0.810000 1.309408
0.812000 1.309977
0.814000 1.310545
0.816000 1.311112
0.818000 1.311677
0.820000 1.312242
0.822000 1.312806
0.824000 1.313369
0.826000 1.313931
0.828000 1.314492
0.830000 1.315052
0.832000 1.315611
0.834000 1.316169
0.836000 1.316727
0.838000 1.317283
0.840000 1.317838
0.842000 1.318392
0.844000 1.318946
0.846000 1.319498
0.848000 1.320049
0.850000 1.320600
0.852000 1.321149
0.854000 1.321698
0.856000 1.322245
0.858000 1.322792
0.860000 1.323338
0.862000 1.323882
0.864000 1.324426
0.866000 1.324969
0.868000 1.325510
0.870000 1.326051
0.872000 1.326591
0.874000 1.327130
0.876000 1.327668
0.878000 1.328205
0.880000 1.328741
0.882000 1.329276
0.884000 1.329810
0.886000 1.330343
0.888000 1.330875
0.890000 1.331406
0.892000 1.331937
0.894000 1.332466
0.896000 1.332994
0.898000 1.333522
0.900000 1.334048
0.902000 1.334573
0.904000 1.335098
0.906000 1.335621
0.908000 1.336144
0.910000 1.336666
0.912000 1.337186
0.914000 1.337706
0.916000 1.338224
0.918000 1.338742
0.920000 1.339259
0.922000 1.339775
0.924000 1.340290
0.926000 1.340803
0.928000 1.341316
0.930000 1.341828
0.932000 1.342339
0.934000 1.342849
0.936000 1.343358
0.938000 1.343867
0.940000 1.344374
0.942000 1.344880
0.944000 1.345385
0.946000 1.345889
0.948000 1.346393
0.950000 1.346895
0.952000 1.347396
0.954000 1.347897
0.956000 1.348396
0.958000 1.348895
0.960000 1.349392
0.962000 1.349889
0.964000 1.350384
0.966000 1.350879
0.968000 1.351373
0.970000 1.351866
0.972000 1.352357
0.974000 1.352848
0.976000 1.353338
0.978000 1.353827
0.980000 1.354315
0.982000 1.354802
0.984000 1.355288
0.986000 1.355773
0.988000 1.356257
0.990000 1.356740
0.992000 1.357222
0.994000 1.357703
0.996000 1.358183
0.998000 1.358663
1.000000 1.359141
1.002000 1.359618
1.004000 1.360095
1.006000 1.360570
1.008000 1.361044
1.010000 1.361518
1.012000 1.361990
1.014000 1.362462
1.016000 1.362933
1.018000 1.363402
1.020000 1.363871
1.022000 1.364339
1.024000 1.364805
1.026000 1.365271
1.028000 1.365736
1.030000 1.366200
1.032000 1.366663
1.034000 1.367125
1.036000 1.367586
1.038000 1.368046
1.040000 1.368505
1.042000 1.368963
1.044000 1.369420
1.046000 1.369876
1.048000 1.370331
1.050000 1.370786
1.052000 1.371239
1.054000 1.371691
1.056000 1.372143
1.058000 1.372593
1.060000 1.373042
1.062000 1.373491
1.064000 1.373938
1.066000 1.374385
1.068000 1.374831
1.070000 1.375275
1.072000 1.375719
1.074000 1.376162
1.076000 1.376603
1.078000 1.377044
1.080000 1.377484
1.082000 1.377923
1.084000 1.378361
1.086000 1.378798
1.088000 1.379234
1.090000 1.379669
1.092000 1.380103
1.094000 1.380536
1.096000 1.380968
1.098000 1.381399
1.100000 1.381829
1.102000 1.382258
1.104000 1.382687
1.106000 1.383114
1.108000 1.383540
1.110000 1.383966
1.112000 1.384390
1.114000 1.384814
1.116000 1.385236
1.118000 1.385658
1.120000 1.386078
1.122000 1.386498
1.124000 1.386916
1.126000 1.387334
1.128000 1.387751
1.130000 1.388167
1.132000 1.388581
1.134000 1.388995
1.136000 1.389408
1.138000 1.389820
1.140000 1.390231
1.142000 1.390641
1.144000 1.391050
1.146000 1.391458
1.148000 1.391865
1.150000 1.392271
1.152000 1.392677
1.154000 1.393081
1.156000 1.393484
1.158000 1.393886
1.160000 1.394288
1.162000 1.394688
1.164000 1.395088
1.166000 1.395486
1.168000 1.395884
1.170000 1.396280
1.172000 1.396676
1.174000 1.397070
1.176000 1.397464
1.178000 1.397857
1.180000 1.398248
1.182000 1.398639
1.184000 1.399029
1.186000 1.399418
1.188000 1.399806
1.190000 1.400192
1.192000 1.400578
1.194000 1.400963
1.196000 1.401347
1.198000 1.401731
1.200000 1.402113
1.202000 1.402494
1.204000 1.402874
1.206000 1.403253
1.208000 1.403631
1.210000 1.404009
1.212000 1.404385
1.214000 1.404760
1.216000 1.405135
1.218000 1.405508
1.220000 1.405881
1.222000 1.406252
1.224000 1.406623
1.226000 1.406992
1.228000 1.407361
1.230000 1.407729
1.232000 1.408095
1.234000 1.408461
1.236000 1.408826
1.238000 1.409190
1.240000 1.409553
1.242000 1.409915
1.244000 1.410276
1.246000 1.410636
1.248000 1.410995
1.250000 1.411353
1.252000 1.411710
1.254000 1.412066
1.256000 1.412421
1.258000 1.412775
1.260000 1.413128
1.262000 1.413481
1.264000 1.413832
1.266000 1.414182
1.268000 1.414532
1.270000 1.414880
1.272000 1.415228
1.274000 1.415574
1.276000 1.415920
1.278000 1.416264
1.280000 1.416608
1.282000 1.416951
1.284000 1.417292
1.286000 1.417633
1.288000 1.417973
1.290000 1.418312
1.292000 1.418650
1.294000 1.418987
1.296000 1.419322
1.298000 1.419657
1.300000 1.419991
1.302000 1.420324
1.304000 1.420657
1.306000 1.420988
1.308000 1.421318
1.310000 1.421647
1.312000 1.421975
1.314000 1.422303
1.316000 1.422629
1.318000 1.422954
1.320000 1.423279
1.322000 1.423602
1.324000 1.423925
1.326000 1.424246
1.328000 1.424567
1.330000 1.424886
1.332000 1.425205
1.334000 1.425522
1.336000 1.425839
1.338000 1.426155
1.340000 1.426470
1.342000 1.426783
1.344000 1.427096
1.346000 1.427408
1.348000 1.427719
1.350000 1.428029
1.352000 1.428338
1.354000 1.428646
1.356000 1.428953
1.358000 1.429259
1.360000 1.429564
1.362000 1.429869
1.364000 1.430172
1.366000 1.430474
1.368000 1.430775
1.370000 1.431076
1.372000 1.431375
1.374000 1.431674
1.376000 1.431971
1.378000 1.432268
1.380000 1.432563
1.382000 1.432858
1.384000 1.433151
1.386000 1.433444
1.388000 1.433736
1.390000 1.434026
1.392000 1.434316
1.394000 1.434605
1.396000 1.434893
1.398000 1.435180
1.400000 1.435466
1.402000 1.435750
1.404000 1.436034
1.406000 1.436317
1.408000 1.436600
1.410000 1.436881
1.412000 1.437161
1.414000 1.437440
1.416000 1.437718
1.418000 1.437995
1.420000 1.438272
1.422000 1.438547
1.424000 1.438821
1.426000 1.439095
1.428000 1.439367
1.430000 1.439639
1.432000 1.439909
1.434000 1.440179
1.436000 1.440448
1.438000 1.440715
1.440000 1.440982
1.442000 1.441248
1.444000 1.441512
1.446000 1.441776
1.448000 1.442039
1.450000 1.442301
1.452000 1.442562
1.454000 1.442822
1.456000 1.443081
1.458000 1.443339
1.460000 1.443596
1.462000 1.443852
1.464000 1.444107
1.466000 1.444361
1.468000 1.444614
1.470000 1.444867
1.472000 1.445118
1.474000 1.445368
1.476000 1.445618
1.478000 1.445866
1.480000 1.446113
1.482000 1.446360
1.484000 1.446605
1.486000 1.446850
1.488000 1.447094
1.490000 1.447336
1.492000 1.447578
1.494000 1.447819
1.496000 1.448058
1.498000 1.448297
1.500000 1.448535
1.502000 1.448772
1.504000 1.449008
1.506000 1.449243
1.508000 1.449477
1.510000 1.449710
1.512000 1.449942
1.514000 1.450173
1.516000 1.450403
1.518000 1.450632
1.520000 1.450860
1.522000 1.451087
1.524000 1.451314
1.526000 1.451539
1.528000 1.451763
1.530000 1.451987
1.532000 1.452209
1.534000 1.452431
1.536000 1.452651
1.538000 1.452871
1.540000 1.453089
1.542000 1.453307
1.544000 1.453524
1.546000 1.453739
1.548000 1.453954
1.550000 1.454168
1.552000 1.454381
1.554000 1.454592
1.556000 1.454803
1.558000 1.455013
1.560000 1.455222
1.562000 1.455430
1.564000 1.455637
1.566000 1.455843
1.568000 1.456049
1.570000 1.456253
1.572000 1.456456
1.574000 1.456658
1.576000 1.456859
1.578000 1.457060
1.580000 1.457259
1.582000 1.457457
1.584000 1.457655
1.586000 1.457851
1.588000 1.458047
1.590000 1.458241
1.592000 1.458435
1.594000 1.458628
1.596000 1.458819
1.598000 1.459010
1.600000 1.459200
1.602000 1.459388
1.604000 1.459576
1.606000 1.459763
1.608000 1.459949
1.610000 1.460134
1.612000 1.460318
1.614000 1.460501
1.616000 1.460683
1.618000 1.460864
1.620000 1.461044
1.622000 1.461223
1.624000 1.461401
1.626000 1.461578
1.628000 1.461755
1.630000 1.461930
1.632000 1.462104
1.634000 1.462278
1.636000 1.462450
1.638000 1.462622
1.640000 1.462792
1.642000 1.462962
1.644000 1.463130
1.646000 1.463298
1.648000 1.463464
1.650000 1.463630
1.652000 1.463795
1.654000 1.463959
1.656000 1.464121
1.658000 1.464283
1.660000 1.464444
1.662000 1.464604
1.664000 1.464763
1.666000 1.464921
1.668000 1.465078
1.670000 1.465234
1.672000 1.465389
1.674000 1.465543
1.676000 1.465696
1.678000 1.465849
1.680000 1.466000
1.682000 1.466150
1.684000 1.466300
1.686000 1.466448
1.688000 1.466595
1.690000 1.466742
1.692000 1.466887
1.694000 1.467032
1.696000 1.467175
1.698000 1.467318
1.700000 1.467460
1.702000 1.467600
1.704000 1.467740
1.706000 1.467879
1.708000 1.468016
1.710000 1.468153
1.712000 1.468289
1.714000 1.468424
1.716000 1.468558
1.718000 1.468691
1.720000 1.468823
1.722000 1.468954
1.724000 1.469084
1.726000 1.469213
1.728000 1.469341
1.730000 1.469469
1.732000 1.469595
1.734000 1.469720
1.736000 1.469844
1.738000 1.469968
1.740000 1.470090
1.742000 1.470212
1.744000 1.470332
1.746000 1.470452
1.748000 1.470570
1.750000 1.470688
1.752000 1.470804
1.754000 1.470920
1.756000 1.471035
1.758000 1.471148
1.760000 1.471261
1.762000 1.471373
1.764000 1.471484
1.766000 1.471594
1.768000 1.471703
1.770000 1.471811
1.772000 1.471918
1.774000 1.472024
1.776000 1.472129
1.778000 1.472233
1.780000 1.472336
1.782000 1.472438
1.784000 1.472540
1.786000 1.472640
1.788000 1.472739
1.790000 1.472837
1.792000 1.472935
1.794000 1.473031
1.796000 1.473127
1.798000 1.473221
1.800000 1.473315
1.802000 1.473407
1.804000 1.473499
1.806000 1.473590
1.808000 1.473679
1.810000 1.473768
1.812000 1.473856
1.814000 1.473943
1.816000 1.474028
1.818000 1.474113
1.820000 1.474197
1.822000 1.474280
1.824000 1.474362
1.826000 1.474443
1.828000 1.474523
1.830000 1.474602
1.832000 1.474681
1.834000 1.474758
1.836000 1.474834
1.838000 1.474909
1.840000 1.474984
1.842000 1.475057
1.844000 1.475129
1.846000 1.475201
1.848000 1.475271
1.850000 1.475341
1.852000 1.475409
1.854000 1.475477
1.856000 1.475543
1.858000 1.475609
1.860000 1.475674
1.862000 1.475737
1.864000 1.475800
1.866000 1.475862
1.868000 1.475923
1.870000 1.475983
1.872000 1.476042
1.874000 1.476100
1.876000 1.476157
1.878000 1.476213
1.880000 1.476268
1.882000 1.476322
1.884000 1.476375
1.886000 1.476427
1.888000 1.476478
1.890000 1.476529
1.892000 1.476578
1.894000 1.476626
1.896000 1.476674
1.898000 1.476720
1.900000 1.476765
1.902000 1.476810
1.904000 1.476853
1.906000 1.476896
1.908000 1.476938
1.910000 1.476978
1.912000 1.477018
1.914000 1.477057
1.916000 1.477094
1.918000 1.477131
1.920000 1.477167
1.922000 1.477202
1.924000 1.477236
1.926000 1.477269
1.928000 1.477301
1.930000 1.477332
1.932000 1.477362
1.934000 1.477391
1.936000 1.477419
1.938000 1.477446
1.940000 1.477472
1.942000 1.477498
1.944000 1.477522
1.946000 1.477545
1.948000 1.477567
1.950000 1.477589
1.952000 1.477609
1.954000 1.477629
1.956000 1.477647
1.958000 1.477665
1.960000 1.477681
1.962000 1.477697
1.964000 1.477712
1.966000 1.477725
1.968000 1.477738
1.970000 1.477750
1.972000 1.477761
1.974000 1.477771
1.976000 1.477780
1.978000 1.477787
1.980000 1.477794
1.982000 1.477800
1.984000 1.477805
1.986000 1.477810
1.988000 1.477813
1.990000 1.477815
1.992000 1.477816
1.994000 1.477816
1.996000 1.477816
1.998000 1.477814
2.000000 1.477811
