2 0.14294672
3 0.08196233
4 0.04900700
5 0.03208174
6 0.02527491
7 0.02026868
8 0.01654755
9 0.01374629
10 0.01158087
11 0.00987610
12 0.00852767
13 0.00743103
14 0.00653656
15 0.00579559
16 0.00516322
17 0.00463804
18 0.00417883
19 0.00379674
20 0.00345449
21 0.00316289
22 0.00289925
23 0.00267341
24 0.00247420
25 0.00229169
26 0.00212588
27 0.00198502
28 0.00185137
29 0.00173323
30 0.00163001
31 0.00153359
32 0.00144399
33 0.00136116
34 0.00128499
35 0.00121533
36 0.00115202
37 0.00109486
38 0.00103747
39 0.00099216
40 0.00094060
41 0.00090066
42 0.00086046
43 0.00082016
44 0.00078527
45 0.00075029
46 0.00072048
47 0.00069055
48 0.00066556
49 0.00064042
50 0.00061522
51 0.00059001
52 0.00056942
53 0.00054877
54 0.00052809
55 0.00051178
56 0.00049110
