0.000000 1.000000
0.002000 1.001636
0.004000 1.003279
0.006000 1.004931
0.008000 1.006590
0.010000 1.008257
0.012000 1.009932
0.014000 1.011615
0.016000 1.013307
0.018000 1.015006
0.020000 1.016713
0.022000 1.018428
0.024000 1.020152
0.026000 1.021884
0.028000 1.023624
0.030000 1.025372
0.032000 1.027129
0.034000 1.028893
0.036000 1.030667
0.038000 1.032448
0.040000 1.034239
0.042000 1.036037
0.044000 1.037845
0.046000 1.039661
0.048000 1.041486
0.050000 1.043319
0.052000 1.045161
0.054000 1.047013
0.056000 1.048873
0.058000 1.050742
0.060000 1.052620
0.062000 1.054507
0.064000 1.056404
0.066000 1.058309
0.068000 1.060224
0.070000 1.062149
0.072000 1.064082
0.074000 1.066025
0.076000 1.067978
0.078000 1.069941
0.080000 1.071913
0.082000 1.073895
0.084000 1.075886
0.086000 1.077888
0.088000 1.079899
0.090000 1.081921
0.092000 1.083953
0.094000 1.085994
0.096000 1.088047
0.098000 1.090109
0.100000 1.092182
0.102000 1.094265
0.104000 1.096359
0.106000 1.098464
0.108000 1.100579
0.110000 1.102705
0.112000 1.104842
0.114000 1.106990
0.116000 1.109149
0.118000 1.111319
0.120000 1.113500
0.122000 1.115692
0.124000 1.117896
0.126000 1.120111
0.128000 1.122338
0.130000 1.124577
0.132000 1.126827
0.134000 1.129089
0.136000 1.131362
0.138000 1.133648
0.140000 1.135946
0.142000 1.138256
0.144000 1.140578
0.146000 1.142912
0.148000 1.145259
0.150000 1.147618
0.152000 1.149990
0.154000 1.152375
0.156000 1.154772
0.158000 1.157182
0.160000 1.159605
0.162000 1.162042
0.164000 1.164491
0.166000 1.166954
0.168000 1.169429
0.170000 1.171919
0.172000 1.174422
0.174000 1.176938
0.176000 1.179469
0.178000 1.182013
0.180000 1.184571
0.182000 1.187143
0.184000 1.189730
0.186000 1.192330
0.188000 1.194945
0.190000 1.197575
0.192000 1.200219
0.194000 1.202877
0.196000 1.205551
0.198000 1.208239
0.200000 1.210943
0.202000 1.213661
0.204000 1.216395
0.206000 1.219144
0.208000 1.221909
0.210000 1.224689
0.212000 1.227485
0.214000 1.230297
0.216000 1.233124
0.218000 1.235968
0.220000 1.238828
0.222000 1.241704
0.224000 1.244597
0.226000 1.247506
0.228000 1.250432
0.230000 1.253375
0.232000 1.256334
0.234000 1.259311
0.236000 1.262305
0.238000 1.265316
0.240000 1.268344
0.242000 1.271390
0.244000 1.274454
0.246000 1.277535
0.248000 1.280635
0.250000 1.283752
0.252000 1.286888
0.254000 1.290042
0.256000 1.293215
0.258000 1.296406
0.260000 1.299617
0.262000 1.302846
0.264000 1.306094
0.266000 1.309361
0.268000 1.312648
0.270000 1.315954
0.272000 1.319280
0.274000 1.322625
0.276000 1.325991
0.278000 1.329376
0.280000 1.332782
0.282000 1.336208
0.284000 1.339655
0.286000 1.343123
0.288000 1.346611
0.290000 1.350120
0.292000 1.353651
0.294000 1.357203
0.296000 1.360776
0.298000 1.364371
0.300000 1.367988
0.302000 1.371627
0.304000 1.375288
0.306000 1.378971
0.308000 1.382677
0.310000 1.386405
0.312000 1.390156
0.314000 1.393931
0.316000 1.397728
0.318000 1.401549
0.320000 1.405393
0.322000 1.409261
0.324000 1.413153
0.326000 1.417069
0.328000 1.421010
0.330000 1.424974
0.332000 1.428964
0.334000 1.432978
0.336000 1.437017
0.338000 1.441081
0.340000 1.445171
0.342000 1.449286
0.344000 1.453427
0.346000 1.457594
0.348000 1.461787
0.350000 1.466007
0.352000 1.470253
0.354000 1.474526
0.356000 1.478825
0.358000 1.483152
0.360000 1.487506
0.362000 1.491888
0.364000 1.496298
0.366000 1.500736
0.368000 1.505201
0.370000 1.509696
0.372000 1.514219
0.374000 1.518770
0.376000 1.523351
0.378000 1.527961
0.380000 1.532601
0.382000 1.537271
0.384000 1.541970
0.386000 1.546700
0.388000 1.551460
0.390000 1.556250
0.392000 1.561072
0.394000 1.565925
0.396000 1.570809
0.398000 1.575724
0.400000 1.580672
0.402000 1.585651
0.404000 1.590663
0.406000 1.595708
0.408000 1.600785
0.410000 1.605896
0.412000 1.611039
0.414000 1.616217
0.416000 1.621428
0.418000 1.626673
0.420000 1.631953
0.422000 1.637267
0.424000 1.642616
0.426000 1.648000
0.428000 1.653420
0.430000 1.658875
0.432000 1.664366
0.434000 1.669894
0.436000 1.675458
0.438000 1.681058
0.440000 1.686696
0.442000 1.692371
0.444000 1.698084
0.446000 1.703835
0.448000 1.709623
0.450000 1.715451
0.452000 1.721317
0.454000 1.727222
0.456000 1.733166
0.458000 1.739151
0.460000 1.745175
0.462000 1.751239
0.464000 1.757344
0.466000 1.763490
0.468000 1.769677
0.470000 1.775905
0.472000 1.782176
0.474000 1.788488
0.476000 1.794843
0.478000 1.801241
0.480000 1.807682
0.482000 1.814166
0.484000 1.820694
0.486000 1.827266
0.488000 1.833883
0.490000 1.840544
0.492000 1.847250
0.494000 1.854002
0.496000 1.860800
0.498000 1.867643
0.500000 1.874534
0.502000 1.881471
0.504000 1.888455
0.506000 1.895486
0.508000 1.902566
0.510000 1.909694
0.512000 1.916871
0.514000 1.924096
0.516000 1.931371
0.518000 1.938696
0.520000 1.946070
0.522000 1.953496
0.524000 1.960972
0.526000 1.968499
0.528000 1.976078
0.530000 1.983709
0.532000 1.991393
0.534000 1.999129
0.536000 2.006918
0.538000 2.014761
0.540000 2.022659
0.542000 2.030610
0.544000 2.038617
0.546000 2.046678
0.548000 2.054796
0.550000 2.062969
0.552000 2.071199
0.554000 2.079486
0.556000 2.087830
0.558000 2.096232
0.560000 2.104693
0.562000 2.113212
0.564000 2.121790
0.566000 2.130427
0.568000 2.139125
0.570000 2.147883
0.572000 2.156702
0.574000 2.165582
0.576000 2.174524
0.578000 2.183529
0.580000 2.192596
0.582000 2.201726
0.584000 2.210921
0.586000 2.220179
0.588000 2.229502
0.590000 2.238890
0.592000 2.248343
0.594000 2.257863
0.596000 2.267450
0.598000 2.277103
0.600000 2.286824
0.602000 2.296614
0.604000 2.306471
0.606000 2.316398
0.608000 2.326395
0.610000 2.336462
0.612000 2.346599
0.614000 2.356808
0.616000 2.367088
0.618000 2.377441
0.620000 2.387866
0.622000 2.398365
0.624000 2.408938
0.626000 2.419585
0.628000 2.430308
0.630000 2.441105
0.632000 2.451979
0.634000 2.462930
0.636000 2.473958
0.638000 2.485064
0.640000 2.496248
0.642000 2.507511
0.644000 2.518853
0.646000 2.530276
0.648000 2.541780
0.650000 2.553365
0.652000 2.565032
0.654000 2.576781
0.656000 2.588614
0.658000 2.600530
0.660000 2.612531
0.662000 2.624617
0.664000 2.636788
0.666000 2.649046
0.668000 2.661391
0.670000 2.673823
0.672000 2.686344
0.674000 2.698953
0.676000 2.711652
0.678000 2.724441
0.680000 2.737320
0.682000 2.750292
0.684000 2.763355
0.686000 2.776512
0.688000 2.789761
0.690000 2.803105
0.692000 2.816544
0.694000 2.830079
0.696000 2.843710
0.698000 2.857438
0.700000 2.871263
0.702000 2.885187
0.704000 2.899210
0.706000 2.913333
0.708000 2.927557
0.710000 2.941882
0.712000 2.956309
0.714000 2.970838
0.716000 2.985472
0.718000 3.000209
0.720000 3.015052
0.722000 3.030001
0.724000 3.045056
0.726000 3.060218
0.728000 3.075489
0.730000 3.090869
0.732000 3.106358
0.734000 3.121958
0.736000 3.137669
0.738000 3.153493
0.740000 3.169429
0.742000 3.185479
0.744000 3.201644
0.746000 3.217924
0.748000 3.234320
0.750000 3.250834
0.752000 3.267465
0.754000 3.284215
0.756000 3.301085
0.758000 3.318075
0.760000 3.335187
0.762000 3.352421
0.764000 3.369778
0.766000 3.387259
0.768000 3.404865
0.770000 3.422596
0.772000 3.440455
0.774000 3.458441
0.776000 3.476555
0.778000 3.494799
0.780000 3.513174
0.782000 3.531679
0.784000 3.550317
0.786000 3.569088
0.788000 3.587993
0.790000 3.607034
0.792000 3.626210
0.794000 3.645523
0.796000 3.664975
0.798000 3.684565
0.800000 3.704295
0.802000 3.724166
0.804000 3.744180
0.806000 3.764336
0.808000 3.784636
0.810000 3.805081
0.812000 3.825672
0.814000 3.846411
0.816000 3.867297
0.818000 3.888332
0.820000 3.909518
0.822000 3.930855
0.824000 3.952345
0.826000 3.973987
0.828000 3.995785
0.830000 4.017737
0.832000 4.039847
0.834000 4.062114
0.836000 4.084541
0.838000 4.107127
0.840000 4.129874
0.842000 4.152784
0.844000 4.175857
0.846000 4.199094
0.848000 4.222498
0.850000 4.246068
0.852000 4.269806
0.854000 4.293714
0.856000 4.317791
0.858000 4.342041
0.860000 4.366463
0.862000 4.391059
0.864000 4.415830
0.866000 4.440778
0.868000 4.465903
0.870000 4.491208
0.872000 4.516692
0.874000 4.542358
0.876000 4.568206
0.878000 4.594239
0.880000 4.620456
0.882000 4.646860
0.884000 4.673452
0.886000 4.700232
0.888000 4.727203
0.890000 4.754366
0.892000 4.781722
0.894000 4.809272
0.896000 4.837017
0.898000 4.864960
0.900000 4.893101
0.902000 4.921442
0.904000 4.949984
0.906000 4.978728
0.908000 5.007677
0.910000 5.036830
0.912000 5.066190
0.914000 5.095759
0.916000 5.125536
0.918000 5.155525
0.920000 5.185726
0.922000 5.216141
0.924000 5.246772
0.926000 5.277619
0.928000 5.308684
0.930000 5.339969
0.932000 5.371476
0.934000 5.403205
0.936000 5.435158
0.938000 5.467337
0.940000 5.499744
0.942000 5.532379
0.944000 5.565245
0.946000 5.598343
0.948000 5.631674
0.950000 5.665240
0.952000 5.699043
0.954000 5.733085
0.956000 5.767366
0.958000 5.801889
0.960000 5.836655
0.962000 5.871665
0.964000 5.906923
0.966000 5.942428
0.968000 5.978183
0.970000 6.014190
0.972000 6.050450
0.974000 6.086964
0.976000 6.123735
0.978000 6.160765
0.980000 6.198054
0.982000 6.235605
0.984000 6.273420
0.986000 6.311500
0.988000 6.349847
0.990000 6.388462
0.992000 6.427349
0.994000 6.466507
0.996000 6.505940
0.998000 6.545649
1.000000 6.585636
1.002000 6.625903
1.004000 6.666451
1.006000 6.707282
1.008000 6.748399
1.010000 6.789803
1.012000 6.831497
1.014000 6.873481
1.016000 6.915758
1.018000 6.958330
1.020000 7.001199
1.022000 7.044367
1.024000 7.087836
1.026000 7.131607
1.028000 7.175683
1.030000 7.220066
1.032000 7.264758
1.034000 7.309760
1.036000 7.355075
1.038000 7.400705
1.040000 7.446653
1.042000 7.492919
1.044000 7.539506
1.046000 7.586417
1.048000 7.633653
1.050000 7.681216
1.052000 7.729109
1.054000 7.777334
1.056000 7.825893
1.058000 7.874788
1.060000 7.924021
1.062000 7.973595
1.064000 8.023512
1.066000 8.073773
1.068000 8.124382
1.070000 8.175340
1.072000 8.226650
1.074000 8.278315
1.076000 8.330335
1.078000 8.382714
1.080000 8.435454
1.082000 8.488558
1.084000 8.542027
1.086000 8.595864
1.088000 8.650072
1.090000 8.704652
1.092000 8.759608
1.094000 8.814941
1.096000 8.870655
1.098000 8.926751
1.100000 8.983232
1.102000 9.040101
1.104000 9.097360
1.106000 9.155011
1.108000 9.213057
1.110000 9.271501
1.112000 9.330345
1.114000 9.389592
1.116000 9.449244
1.118000 9.509304
1.120000 9.569775
1.122000 9.630659
1.124000 9.691959
1.126000 9.753677
1.128000 9.815816
1.130000 9.878380
1.132000 9.941370
1.134000 10.004789
1.136000 10.068641
1.138000 10.132927
1.140000 10.197652
1.142000 10.262816
1.144000 10.328424
1.146000 10.394478
1.148000 10.460982
1.150000 10.527937
1.152000 10.595346
1.154000 10.663214
1.156000 10.731542
1.158000 10.800334
1.160000 10.869592
1.162000 10.939319
1.164000 11.009520
1.166000 11.080195
1.168000 11.151349
1.170000 11.222985
1.172000 11.295106
1.174000 11.367714
1.176000 11.440813
1.178000 11.514407
1.180000 11.588497
1.182000 11.663088
1.184000 11.738183
1.186000 11.813784
1.188000 11.889895
1.190000 11.966519
1.192000 12.043661
1.194000 12.121321
1.196000 12.199506
1.198000 12.278216
1.200000 12.357457
1.202000 12.437231
1.204000 12.517541
1.206000 12.598392
1.208000 12.679786
1.210000 12.761727
1.212000 12.844219
1.214000 12.927265
1.216000 13.010868
1.218000 13.095033
1.220000 13.179762
1.222000 13.265060
1.224000 13.350930
1.226000 13.437376
1.228000 13.524401
1.230000 13.612009
1.232000 13.700204
1.234000 13.788989
1.236000 13.878370
1.238000 13.968348
1.240000 14.058928
1.242000 14.150115
1.244000 14.241911
1.246000 14.334322
1.248000 14.427350
1.250000 14.520999
1.252000 14.615275
1.254000 14.710180
1.256000 14.805719
1.258000 14.901897
1.260000 14.998716
1.262000 15.096182
1.264000 15.194298
1.266000 15.293069
1.268000 15.392499
1.270000 15.492592
1.272000 15.593352
1.274000 15.694785
1.276000 15.796894
1.278000 15.899683
1.280000 16.003158
1.282000 16.107323
1.284000 16.212181
1.286000 16.317739
1.288000 16.423999
1.290000 16.530968
1.292000 16.638649
1.294000 16.747047
1.296000 16.856168
1.298000 16.966015
1.300000 17.076594
1.302000 17.187909
1.304000 17.299965
1.306000 17.412768
1.308000 17.526322
1.310000 17.640632
1.312000 17.755704
1.314000 17.871541
1.316000 17.988150
1.318000 18.105536
1.320000 18.223704
1.322000 18.342659
1.324000 18.462406
1.326000 18.582951
1.328000 18.704299
1.330000 18.826456
1.332000 18.949426
1.334000 19.073216
1.336000 19.197832
1.338000 19.323278
1.340000 19.449561
1.342000 19.576686
1.344000 19.704659
1.346000 19.833486
1.348000 19.963172
1.350000 20.093724
1.352000 20.225148
1.354000 20.357449
1.356000 20.490634
1.358000 20.624709
1.360000 20.759681
1.362000 20.895554
1.364000 21.032337
1.366000 21.170034
1.368000 21.308653
1.370000 21.448200
1.372000 21.588682
1.374000 21.730105
1.376000 21.872476
1.378000 22.015802
1.380000 22.160090
1.382000 22.305346
1.384000 22.451577
1.386000 22.598791
1.388000 22.746994
1.390000 22.896195
1.392000 23.046399
1.394000 23.197615
1.396000 23.349849
1.398000 23.503110
1.400000 23.657405
1.402000 23.812740
1.404000 23.969125
1.406000 24.126567
1.408000 24.285074
1.410000 24.444654
1.412000 24.605314
1.414000 24.767063
1.416000 24.929910
1.418000 25.093861
1.420000 25.258927
1.422000 25.425115
1.424000 25.592434
1.426000 25.760892
1.428000 25.930499
1.430000 26.101263
1.432000 26.273193
1.434000 26.446298
1.436000 26.620588
1.438000 26.796071
1.440000 26.972757
1.442000 27.150656
1.444000 27.329777
1.446000 27.510130
1.448000 27.691725
1.450000 27.874571
1.452000 28.058679
1.454000 28.244059
1.456000 28.430721
1.458000 28.618675
1.460000 28.807933
1.462000 28.998504
1.464000 29.190400
1.466000 29.383631
1.468000 29.578209
1.470000 29.774144
1.472000 29.971449
1.474000 30.170134
1.476000 30.370211
1.478000 30.571693
1.480000 30.774590
1.482000 30.978915
1.484000 31.184680
1.486000 31.391897
1.488000 31.600580
1.490000 31.810740
1.492000 32.022391
1.494000 32.235545
1.496000 32.450217
1.498000 32.666418
1.500000 32.884163
1.502000 33.103465
1.504000 33.324338
1.506000 33.546797
1.508000 33.770855
1.510000 33.996527
1.512000 34.223828
1.514000 34.452772
1.516000 34.683375
1.518000 34.915652
1.520000 35.149618
1.522000 35.385288
1.524000 35.622680
1.526000 35.861808
1.528000 36.102690
1.530000 36.345341
1.532000 36.589778
1.534000 36.836019
1.536000 37.084081
1.538000 37.333981
1.540000 37.585736
1.542000 37.839366
1.544000 38.094888
1.546000 38.352320
1.548000 38.611681
1.550000 38.872991
1.552000 39.136269
1.554000 39.401533
1.556000 39.668805
1.558000 39.938104
1.560000 40.209450
1.562000 40.482865
1.564000 40.758369
1.566000 41.035984
1.568000 41.315731
1.570000 41.597632
1.572000 41.881710
1.574000 42.167987
1.576000 42.456486
1.578000 42.747230
1.580000 43.040244
1.582000 43.335550
1.584000 43.633174
1.586000 43.933140
1.588000 44.235473
1.590000 44.540199
1.592000 44.847343
1.594000 45.156931
1.596000 45.468991
1.598000 45.783550
1.600000 46.100634
1.602000 46.420271
1.604000 46.742491
1.606000 47.067321
1.608000 47.394791
1.610000 47.724931
1.612000 48.057770
1.614000 48.393338
1.616000 48.731668
1.618000 49.072791
1.620000 49.416738
1.622000 49.763542
1.624000 50.113235
1.626000 50.465853
1.628000 50.821427
1.630000 51.179994
1.632000 51.541588
1.634000 51.906244
1.636000 52.273999
1.638000 52.644891
1.640000 53.018955
1.642000 53.396230
1.644000 53.776754
1.646000 54.160568
1.648000 54.547710
1.650000 54.938221
1.652000 55.332141
1.654000 55.729514
1.656000 56.130381
1.658000 56.534784
1.660000 56.942769
1.662000 57.354379
1.664000 57.769659
1.666000 58.188656
1.668000 58.611416
1.670000 59.037987
1.672000 59.468416
1.674000 59.902752
1.676000 60.341046
1.678000 60.783347
1.680000 61.229708
1.682000 61.680180
1.684000 62.134816
1.686000 62.593670
1.688000 63.056798
1.690000 63.524253
1.692000 63.996095
1.694000 64.472378
1.696000 64.953163
1.698000 65.438509
1.700000 65.928475
1.702000 66.423123
1.704000 66.922516
1.706000 67.426717
1.708000 67.935790
1.710000 68.449802
1.712000 68.968817
1.714000 69.492904
1.716000 70.022133
1.718000 70.556572
1.720000 71.096292
1.722000 71.641367
1.724000 72.191869
1.726000 72.747873
1.728000 73.309454
1.730000 73.876691
1.732000 74.449661
1.734000 75.028444
1.736000 75.613121
1.738000 76.203775
1.740000 76.800488
1.742000 77.403347
1.744000 78.012438
1.746000 78.627848
1.748000 79.249668
1.750000 79.877988
1.752000 80.512900
1.754000 81.154498
1.756000 81.802878
1.758000 82.458138
1.760000 83.120375
1.762000 83.789691
1.764000 84.466186
1.766000 85.149966
1.768000 85.841135
1.770000 86.539801
1.772000 87.246073
1.774000 87.960061
1.776000 88.681878
1.778000 89.411640
1.780000 90.149461
1.782000 90.895462
1.784000 91.649762
1.786000 92.412483
1.788000 93.183751
1.790000 93.963692
1.792000 94.752433
1.794000 95.550108
1.796000 96.356847
1.798000 97.172787
1.800000 97.998065
1.802000 98.832821
1.804000 99.677197
1.806000 100.531338
1.808000 101.395390
1.810000 102.269503
1.812000 103.153829
1.814000 104.048522
1.816000 104.953740
1.818000 105.869641
1.820000 106.796389
1.822000 107.734149
1.824000 108.683088
1.826000 109.643377
1.828000 110.615189
1.830000 111.598702
1.832000 112.594093
1.834000 113.601546
1.836000 114.621246
1.838000 115.653382
1.840000 116.698145
1.842000 117.755730
1.844000 118.826335
1.846000 119.910163
1.848000 121.007416
1.850000 122.118305
1.852000 123.243040
1.854000 124.381837
1.856000 125.534915
1.858000 126.702496
1.860000 127.884807
1.862000 129.082078
1.864000 130.294542
1.866000 131.522437
1.868000 132.766006
1.870000 134.025495
1.872000 135.301152
1.874000 136.593232
1.876000 137.901994
1.878000 139.227700
1.880000 140.570618
1.882000 141.931018
1.884000 143.309177
1.886000 144.705376
1.888000 146.119900
1.890000 147.553039
1.892000 149.005088
1.894000 150.476347
1.896000 151.967121
1.898000 153.477720
1.900000 155.008459
1.902000 156.559658
1.904000 158.131643
1.906000 159.724745
1.908000 161.339301
1.910000 162.975653
1.912000 164.634150
1.914000 166.315144
1.916000 168.018995
1.918000 169.746070
1.920000 171.496739
1.922000 173.271381
1.924000 175.070380
1.926000 176.894126
1.928000 178.743016
1.930000 180.617454
1.932000 182.517850
1.934000 184.444622
1.936000 186.398193
1.938000 188.378994
1.940000 190.387464
1.942000 192.424048
1.944000 194.489199
1.946000 196.583377
1.948000 198.707050
1.950000 200.860694
1.952000 203.044793
1.954000 205.259838
1.956000 207.506328
1.958000 209.784772
1.960000 212.095687
1.962000 214.439596
1.964000 216.817034
1.966000 219.228542
1.968000 221.674673
1.970000 224.155987
1.972000 226.673053
1.974000 229.226450
1.976000 231.816767
1.978000 234.444602
1.980000 237.110563
1.982000 239.815269
1.984000 242.559347
1.986000 245.343437
1.988000 248.168188
1.990000 251.034258
1.992000 253.942320
1.994000 256.893054
1.996000 259.887154
1.998000 262.925324
2.000000 266.008279
