0.000000 1.000000
0.002000 1.001994
0.004000 1.003984
0.006000 1.005970
0.008000 1.007953
0.010000 1.009931
0.012000 1.011905
0.014000 1.013875
0.016000 1.015841
0.018000 1.017803
0.020000 1.019761
0.022000 1.021714
0.024000 1.023664
0.026000 1.025609
0.028000 1.027549
0.030000 1.029485
0.032000 1.031417
0.034000 1.033344
0.036000 1.035267
0.038000 1.037185
0.040000 1.039098
0.042000 1.041007
0.044000 1.042911
0.046000 1.044811
0.048000 1.046705
0.050000 1.048595
0.052000 1.050480
0.054000 1.052361
0.056000 1.054236
0.058000 1.056106
0.060000 1.057972
0.062000 1.059832
0.064000 1.061687
0.066000 1.063538
0.068000 1.065383
0.070000 1.067223
0.072000 1.069057
0.074000 1.070887
0.076000 1.072711
0.078000 1.074530
0.080000 1.076344
0.082000 1.078152
0.084000 1.079955
0.086000 1.081753
0.088000 1.083545
0.090000 1.085331
0.092000 1.087113
0.094000 1.088888
0.096000 1.090658
0.098000 1.092422
0.100000 1.094181
0.102000 1.095934
0.104000 1.097682
0.106000 1.099424
0.108000 1.101160
0.110000 1.102890
0.112000 1.104614
0.114000 1.106333
0.116000 1.108046
0.118000 1.109753
0.120000 1.111454
0.122000 1.113149
0.124000 1.114838
0.126000 1.116521
0.128000 1.118198
0.130000 1.119870
0.132000 1.121535
0.134000 1.123194
0.136000 1.124847
0.138000 1.126494
0.140000 1.128135
0.142000 1.129770
0.144000 1.131398
0.146000 1.133020
0.148000 1.134637
0.150000 1.136247
0.152000 1.137850
0.154000 1.139448
0.156000 1.141039
0.158000 1.142624
0.160000 1.144202
0.162000 1.145775
0.164000 1.147340
0.166000 1.148900
0.168000 1.150453
0.170000 1.152000
0.172000 1.153540
0.174000 1.155074
0.176000 1.156602
0.178000 1.158123
0.180000 1.159637
0.182000 1.161146
0.184000 1.162647
0.186000 1.164142
0.188000 1.165631
0.190000 1.167113
0.192000 1.168589
0.194000 1.170058
0.196000 1.171520
0.198000 1.172976
0.200000 1.174426
0.202000 1.175869
0.204000 1.177305
0.206000 1.178734
0.208000 1.180157
0.210000 1.181574
0.212000 1.182984
0.214000 1.184387
0.216000 1.185783
0.218000 1.187173
0.220000 1.188556
0.222000 1.189933
0.224000 1.191303
0.226000 1.192666
0.228000 1.194023
0.230000 1.195373
0.232000 1.196716
0.234000 1.198053
0.236000 1.199382
0.238000 1.200706
0.240000 1.202022
0.242000 1.203332
0.244000 1.204635
0.246000 1.205932
0.248000 1.207222
0.250000 1.208505
0.252000 1.209781
0.254000 1.211051
0.256000 1.212314
0.258000 1.213570
0.260000 1.214820
0.262000 1.216063
0.264000 1.217299
0.266000 1.218529
0.268000 1.219752
0.270000 1.220968
0.272000 1.222177
0.274000 1.223380
0.276000 1.224577
0.278000 1.225766
0.280000 1.226949
0.282000 1.228125
0.284000 1.229295
0.286000 1.230458
0.288000 1.231614
0.290000 1.232764
0.292000 1.233907
0.294000 1.235043
0.296000 1.236173
0.298000 1.237296
0.300000 1.238413
0.302000 1.239523
0.304000 1.240626
0.306000 1.241723
0.308000 1.242813
0.310000 1.243897
0.312000 1.244974
0.314000 1.246045
0.316000 1.247109
0.318000 1.248166
0.320000 1.249217
0.322000 1.250262
0.324000 1.251300
0.326000 1.252331
0.328000 1.253357
0.330000 1.254375
0.332000 1.255387
0.334000 1.256393
0.336000 1.257392
0.338000 1.258385
0.340000 1.259371
0.342000 1.260352
0.344000 1.261325
0.346000 1.262293
0.348000 1.263253
0.350000 1.264208
0.352000 1.265156
0.354000 1.266098
0.356000 1.267034
0.358000 1.267963
0.360000 1.268886
0.362000 1.269803
0.364000 1.270714
0.366000 1.271618
0.368000 1.272516
0.370000 1.273408
0.372000 1.274294
0.374000 1.275174
0.376000 1.276047
0.378000 1.276915
0.380000 1.277776
0.382000 1.278631
0.384000 1.279480
0.386000 1.280323
0.388000 1.281160
0.390000 1.281991
0.392000 1.282816
0.394000 1.283635
0.396000 1.284448
0.398000 1.285255
0.400000 1.286056
0.402000 1.286851
0.404000 1.287640
0.406000 1.288423
0.408000 1.289201
0.410000 1.289972
0.412000 1.290738
0.414000 1.291498
0.416000 1.292252
0.418000 1.293001
0.420000 1.293743
0.422000 1.294480
0.424000 1.295211
0.426000 1.295937
0.428000 1.296657
0.430000 1.297371
0.432000 1.298080
0.434000 1.298783
0.436000 1.299480
0.438000 1.300172
0.440000 1.300858
0.442000 1.301539
0.444000 1.302214
0.446000 1.302884
0.448000 1.303548
0.450000 1.304207
0.452000 1.304860
0.454000 1.305508
0.456000 1.306151
0.458000 1.306788
0.460000 1.307420
0.462000 1.308046
0.464000 1.308668
0.466000 1.309284
0.468000 1.309895
0.470000 1.310500
0.472000 1.311101
0.474000 1.311696
0.476000 1.312286
0.478000 1.312871
0.480000 1.313451
0.482000 1.314026
0.484000 1.314595
0.486000 1.315160
0.488000 1.315720
0.490000 1.316274
0.492000 1.316824
0.494000 1.317369
0.496000 1.317909
0.498000 1.318443
0.500000 1.318974
0.502000 1.319499
0.504000 1.320019
0.506000 1.320535
0.508000 1.321045
0.510000 1.321551
0.512000 1.322053
0.514000 1.322549
0.516000 1.323041
0.518000 1.323529
0.520000 1.324011
0.522000 1.324489
0.524000 1.324963
0.526000 1.325431
0.528000 1.325896
0.530000 1.326356
0.532000 1.326811
0.534000 1.327262
0.536000 1.327708
0.538000 1.328150
0.540000 1.328588
0.542000 1.329021
0.544000 1.329450
0.546000 1.329874
0.548000 1.330295
0.550000 1.330710
0.552000 1.331122
0.554000 1.331530
0.556000 1.331933
0.558000 1.332332
0.560000 1.332727
0.562000 1.333118
0.564000 1.333505
0.566000 1.333887
0.568000 1.334266
0.570000 1.334641
0.572000 1.335011
0.574000 1.335378
0.576000 1.335741
0.578000 1.336099
0.580000 1.336454
0.582000 1.336805
0.584000 1.337152
0.586000 1.337496
0.588000 1.337835
0.590000 1.338171
0.592000 1.338503
0.594000 1.338831
0.596000 1.339155
0.598000 1.339476
0.600000 1.339793
0.602000 1.340107
0.604000 1.340417
0.606000 1.340723
0.608000 1.341026
0.610000 1.341325
0.612000 1.341621
0.614000 1.341913
0.616000 1.342202
0.618000 1.342487
0.620000 1.342769
0.622000 1.343047
0.624000 1.343322
0.626000 1.343594
0.628000 1.343863
0.630000 1.344128
0.632000 1.344390
0.634000 1.344648
0.636000 1.344904
0.638000 1.345156
0.640000 1.345405
0.642000 1.345651
0.644000 1.345893
0.646000 1.346133
0.648000 1.346370
0.650000 1.346603
0.652000 1.346833
0.654000 1.347061
0.656000 1.347285
0.658000 1.347507
0.660000 1.347725
0.662000 1.347941
0.664000 1.348154
0.666000 1.348364
0.668000 1.348571
0.670000 1.348775
0.672000 1.348976
0.674000 1.349175
0.676000 1.349371
0.678000 1.349564
0.680000 1.349754
0.682000 1.349942
0.684000 1.350127
0.686000 1.350309
0.688000 1.350489
0.690000 1.350666
0.692000 1.350841
0.694000 1.351013
0.696000 1.351182
0.698000 1.351349
0.700000 1.351514
0.702000 1.351676
0.704000 1.351835
0.706000 1.351992
0.708000 1.352147
0.710000 1.352300
0.712000 1.352450
0.714000 1.352597
0.716000 1.352743
0.718000 1.352886
0.720000 1.353027
0.722000 1.353165
0.724000 1.353301
0.726000 1.353436
0.728000 1.353568
0.730000 1.353697
0.732000 1.353825
0.734000 1.353951
0.736000 1.354074
0.738000 1.354195
0.740000 1.354315
0.742000 1.354432
0.744000 1.354547
0.746000 1.354660
0.748000 1.354772
0.750000 1.354881
0.752000 1.354988
0.754000 1.355094
0.756000 1.355198
0.758000 1.355299
0.760000 1.355399
0.762000 1.355497
0.764000 1.355593
0.766000 1.355688
0.768000 1.355780
0.770000 1.355871
0.772000 1.355960
0.774000 1.356048
0.776000 1.356134
0.778000 1.356218
0.780000 1.356300
0.782000 1.356381
0.784000 1.356460
0.786000 1.356537
0.788000 1.356613
0.790000 1.356688
0.792000 1.356761
0.794000 1.356832
0.796000 1.356902
0.798000 1.356970
0.800000 1.357037
0.802000 1.357103
0.804000 1.357167
0.806000 1.357229
0.808000 1.357290
0.810000 1.357350
0.812000 1.357409
0.814000 1.357466
0.816000 1.357522
0.818000 1.357576
0.820000 1.357629
0.822000 1.357681
0.824000 1.357732
0.826000 1.357781
0.828000 1.357830
0.830000 1.357877
0.832000 1.357922
0.834000 1.357967
0.836000 1.358011
0.838000 1.358053
0.840000 1.358094
0.842000 1.358135
0.844000 1.358174
0.846000 1.358212
0.848000 1.358249
0.850000 1.358285
0.852000 1.358320
0.854000 1.358354
0.856000 1.358387
0.858000 1.358419
0.860000 1.358450
0.862000 1.358480
0.864000 1.358509
0.866000 1.358537
0.868000 1.358565
0.870000 1.358591
0.872000 1.358617
0.874000 1.358642
0.876000 1.358666
0.878000 1.358689
0.880000 1.358712
0.882000 1.358733
0.884000 1.358754
0.886000 1.358774
0.888000 1.358794
0.890000 1.358812
0.892000 1.358830
0.894000 1.358848
0.896000 1.358864
0.898000 1.358880
0.900000 1.358896
0.902000 1.358910
0.904000 1.358924
0.906000 1.358938
0.908000 1.358951
0.910000 1.358963
0.912000 1.358975
0.914000 1.358986
0.916000 1.358997
0.918000 1.359007
0.920000 1.359017
0.922000 1.359026
0.924000 1.359035
0.926000 1.359043
0.928000 1.359051
0.930000 1.359058
0.932000 1.359065
0.934000 1.359072
0.936000 1.359078
0.938000 1.359083
0.940000 1.359089
0.942000 1.359094
0.944000 1.359099
0.946000 1.359103
0.948000 1.359107
0.950000 1.359111
0.952000 1.359114
0.954000 1.359117
0.956000 1.359120
0.958000 1.359123
0.960000 1.359125
0.962000 1.359128
0.964000 1.359129
0.966000 1.359131
0.968000 1.359133
0.970000 1.359134
0.972000 1.359135
0.974000 1.359136
0.976000 1.359137
0.978000 1.359138
0.980000 1.359139
0.982000 1.359139
0.984000 1.359140
0.986000 1.359140
0.988000 1.359140
0.990000 1.359141
0.992000 1.359141
0.994000 1.359141
0.996000 1.359141
0.998000 1.359141
1.000000 1.359141
1.002000 1.359141
1.004000 1.359141
1.006000 1.359141
1.008000 1.359141
1.010000 1.359141
1.012000 1.359142
1.014000 1.359142
1.016000 1.359142
1.018000 1.359143
1.020000 1.359143
1.022000 1.359144
1.024000 1.359144
1.026000 1.359145
1.028000 1.359146
1.030000 1.359147
1.032000 1.359149
1.034000 1.359150
1.036000 1.359152
1.038000 1.359154
1.040000 1.359156
1.042000 1.359158
1.044000 1.359160
1.046000 1.359163
1.048000 1.359166
1.050000 1.359169
1.052000 1.359172
1.054000 1.359176
1.056000 1.359180
1.058000 1.359184
1.060000 1.359189
1.062000 1.359193
1.064000 1.359198
1.066000 1.359204
1.068000 1.359210
1.070000 1.359216
1.072000 1.359222
1.074000 1.359229
1.076000 1.359236
1.078000 1.359243
1.080000 1.359251
1.082000 1.359259
1.084000 1.359268
1.086000 1.359277
1.088000 1.359287
1.090000 1.359296
1.092000 1.359307
1.094000 1.359317
1.096000 1.359329
1.098000 1.359340
1.100000 1.359352
1.102000 1.359365
1.104000 1.359378
1.106000 1.359391
1.108000 1.359405
1.110000 1.359420
1.112000 1.359435
1.114000 1.359450
1.116000 1.359466
1.118000 1.359483
1.120000 1.359500
1.122000 1.359518
1.124000 1.359536
1.126000 1.359554
1.128000 1.359574
1.130000 1.359594
1.132000 1.359614
1.134000 1.359635
1.136000 1.359657
1.138000 1.359679
1.140000 1.359702
1.142000 1.359725
1.144000 1.359749
1.146000 1.359774
1.148000 1.359800
1.150000 1.359826
1.152000 1.359852
1.154000 1.359879
1.156000 1.359907
1.158000 1.359936
1.160000 1.359965
1.162000 1.359995
1.164000 1.360026
1.166000 1.360057
1.168000 1.360090
1.170000 1.360122
1.172000 1.360156
1.174000 1.360190
1.176000 1.360225
1.178000 1.360261
1.180000 1.360297
1.182000 1.360334
1.184000 1.360372
1.186000 1.360411
1.188000 1.360451
1.190000 1.360491
1.192000 1.360532
1.194000 1.360574
1.196000 1.360616
1.198000 1.360659
1.200000 1.360704
1.202000 1.360749
1.204000 1.360794
1.206000 1.360841
1.208000 1.360888
1.210000 1.360937
1.212000 1.360986
1.214000 1.361036
1.216000 1.361087
1.218000 1.361138
1.220000 1.361191
1.222000 1.361244
1.224000 1.361298
1.226000 1.361353
1.228000 1.361409
1.230000 1.361466
1.232000 1.361524
1.234000 1.361582
1.236000 1.361642
1.238000 1.361702
1.240000 1.361764
1.242000 1.361826
1.244000 1.361889
1.246000 1.361953
1.248000 1.362018
1.250000 1.362084
1.252000 1.362151
1.254000 1.362219
1.256000 1.362288
1.258000 1.362357
1.260000 1.362428
1.262000 1.362500
1.264000 1.362572
1.266000 1.362646
1.268000 1.362720
1.270000 1.362796
1.272000 1.362872
1.274000 1.362950
1.276000 1.363028
1.278000 1.363108
1.280000 1.363188
1.282000 1.363270
1.284000 1.363352
1.286000 1.363436
1.288000 1.363520
1.290000 1.363606
1.292000 1.363693
1.294000 1.363780
1.296000 1.363869
1.298000 1.363959
1.300000 1.364049
1.302000 1.364141
1.304000 1.364234
1.306000 1.364328
1.308000 1.364423
1.310000 1.364519
1.312000 1.364616
1.314000 1.364714
1.316000 1.364813
1.318000 1.364914
1.320000 1.365015
1.322000 1.365118
1.324000 1.365221
1.326000 1.365326
1.328000 1.365432
1.330000 1.365538
1.332000 1.365646
1.334000 1.365756
1.336000 1.365866
1.338000 1.365977
1.340000 1.366089
1.342000 1.366203
1.344000 1.366318
1.346000 1.366434
1.348000 1.366551
1.350000 1.366669
1.352000 1.366788
1.354000 1.366908
1.356000 1.367030
1.358000 1.367152
1.360000 1.367276
1.362000 1.367401
1.364000 1.367527
1.366000 1.367655
1.368000 1.367783
1.370000 1.367913
1.372000 1.368044
1.374000 1.368176
1.376000 1.368309
1.378000 1.368443
1.380000 1.368579
1.382000 1.368715
1.384000 1.368853
1.386000 1.368992
1.388000 1.369133
1.390000 1.369274
1.392000 1.369417
1.394000 1.369561
1.396000 1.369706
1.398000 1.369852
1.400000 1.370000
1.402000 1.370149
1.404000 1.370299
1.406000 1.370450
1.408000 1.370602
1.410000 1.370756
1.412000 1.370911
1.414000 1.371067
1.416000 1.371225
1.418000 1.371383
1.420000 1.371543
1.422000 1.371704
1.424000 1.371867
1.426000 1.372030
1.428000 1.372195
1.430000 1.372361
1.432000 1.372528
1.434000 1.372697
1.436000 1.372867
1.438000 1.373038
1.440000 1.373211
1.442000 1.373384
1.444000 1.373559
1.446000 1.373735
1.448000 1.373913
1.450000 1.374092
1.452000 1.374272
1.454000 1.374453
1.456000 1.374636
1.458000 1.374820
1.460000 1.375005
1.462000 1.375192
1.464000 1.375379
1.466000 1.375569
1.468000 1.375759
1.470000 1.375951
1.472000 1.376144
1.474000 1.376338
1.476000 1.376534
1.478000 1.376731
1.480000 1.376929
1.482000 1.377128
1.484000 1.377329
1.486000 1.377532
1.488000 1.377735
1.490000 1.377940
1.492000 1.378146
1.494000 1.378354
1.496000 1.378563
1.498000 1.378773
1.500000 1.378984
1.502000 1.379197
1.504000 1.379411
1.506000 1.379627
1.508000 1.379844
1.510000 1.380062
1.512000 1.380281
1.514000 1.380502
1.516000 1.380725
1.518000 1.380948
1.520000 1.381173
1.522000 1.381399
1.524000 1.381627
1.526000 1.381856
1.528000 1.382087
1.530000 1.382318
1.532000 1.382551
1.534000 1.382786
1.536000 1.383022
1.538000 1.383259
1.540000 1.383497
1.542000 1.383737
1.544000 1.383979
1.546000 1.384221
1.548000 1.384466
1.550000 1.384711
1.552000 1.384958
1.554000 1.385206
1.556000 1.385456
1.558000 1.385707
1.560000 1.385959
1.562000 1.386213
1.564000 1.386468
1.566000 1.386725
1.568000 1.386983
1.570000 1.387242
1.572000 1.387503
1.574000 1.387765
1.576000 1.388028
1.578000 1.388293
1.580000 1.388560
1.582000 1.388828
1.584000 1.389097
1.586000 1.389367
1.588000 1.389639
1.590000 1.389913
1.592000 1.390188
1.594000 1.390464
1.596000 1.390742
1.598000 1.391021
1.600000 1.391301
1.602000 1.391583
1.604000 1.391867
1.606000 1.392151
1.608000 1.392438
1.610000 1.392725
1.612000 1.393014
1.614000 1.393305
1.616000 1.393597
1.618000 1.393890
1.620000 1.394185
1.622000 1.394481
1.624000 1.394779
1.626000 1.395078
1.628000 1.395379
1.630000 1.395681
1.632000 1.395984
1.634000 1.396289
1.636000 1.396596
1.638000 1.396903
1.640000 1.397213
1.642000 1.397523
1.644000 1.397836
1.646000 1.398149
1.648000 1.398464
1.650000 1.398781
1.652000 1.399099
1.654000 1.399419
1.656000 1.399739
1.658000 1.400062
1.660000 1.400386
1.662000 1.400711
1.664000 1.401038
1.666000 1.401366
1.668000 1.401696
1.670000 1.402027
1.672000 1.402360
1.674000 1.402694
1.676000 1.403030
1.678000 1.403367
1.680000 1.403706
1.682000 1.404046
1.684000 1.404388
1.686000 1.404731
1.688000 1.405076
1.690000 1.405422
1.692000 1.405769
1.694000 1.406119
1.696000 1.406469
1.698000 1.406821
1.700000 1.407175
1.702000 1.407530
1.704000 1.407887
1.706000 1.408245
1.708000 1.408605
1.710000 1.408966
1.712000 1.409328
1.714000 1.409693
1.716000 1.410058
1.718000 1.410425
1.720000 1.410794
1.722000 1.411164
1.724000 1.411536
1.726000 1.411909
1.728000 1.412284
1.730000 1.412661
1.732000 1.413038
1.734000 1.413418
1.736000 1.413799
1.738000 1.414181
1.740000 1.414565
1.742000 1.414951
1.744000 1.415338
1.746000 1.415726
1.748000 1.416116
1.750000 1.416508
1.752000 1.416901
1.754000 1.417296
1.756000 1.417692
1.758000 1.418090
1.760000 1.418489
1.762000 1.418890
1.764000 1.419293
1.766000 1.419697
1.768000 1.420102
1.770000 1.420509
1.772000 1.420918
1.774000 1.421328
1.776000 1.421740
1.778000 1.422153
1.780000 1.422568
1.782000 1.422985
1.784000 1.423403
1.786000 1.423822
1.788000 1.424244
1.790000 1.424666
1.792000 1.425091
1.794000 1.425517
1.796000 1.425944
1.798000 1.426373
1.800000 1.426804
1.802000 1.427236
1.804000 1.427670
1.806000 1.428105
1.808000 1.428542
1.810000 1.428980
1.812000 1.429420
1.814000 1.429862
1.816000 1.430305
1.818000 1.430750
1.820000 1.431196
1.822000 1.431644
1.824000 1.432094
1.826000 1.432545
1.828000 1.432998
1.830000 1.433452
1.832000 1.433908
1.834000 1.434366
1.836000 1.434825
1.838000 1.435286
1.840000 1.435748
1.842000 1.436212
1.844000 1.436677
1.846000 1.437144
1.848000 1.437613
1.850000 1.438083
1.852000 1.438555
1.854000 1.439028
1.856000 1.439504
1.858000 1.439980
1.860000 1.440458
1.862000 1.440938
1.864000 1.441420
1.866000 1.441903
1.868000 1.442387
1.870000 1.442874
1.872000 1.443361
1.874000 1.443851
1.876000 1.444342
1.878000 1.444834
1.880000 1.445329
1.882000 1.445824
1.884000 1.446322
1.886000 1.446821
1.888000 1.447321
1.890000 1.447823
1.892000 1.448327
1.894000 1.448832
1.896000 1.449339
1.898000 1.449848
1.900000 1.450358
1.902000 1.450870
1.904000 1.451383
1.906000 1.451898
1.908000 1.452414
1.910000 1.452932
1.912000 1.453451
1.914000 1.453973
1.916000 1.454495
1.918000 1.455020
1.920000 1.455545
1.922000 1.456073
1.924000 1.456602
1.926000 1.457132
1.928000 1.457664
1.930000 1.458198
1.932000 1.458733
1.934000 1.459269
1.936000 1.459808
1.938000 1.460347
1.940000 1.460889
1.942000 1.461431
1.944000 1.461976
1.946000 1.462522
1.948000 1.463069
1.950000 1.463618
1.952000 1.464168
1.954000 1.464720
1.956000 1.465273
1.958000 1.465828
1.960000 1.466385
1.962000 1.466942
1.964000 1.467502
1.966000 1.468062
1.968000 1.468624
1.970000 1.469188
1.972000 1.469753
1.974000 1.470320
1.976000 1.470888
1.978000 1.471457
1.980000 1.472028
1.982000 1.472600
1.984000 1.473173
1.986000 1.473748
1.988000 1.474325
1.990000 1.474902
1.992000 1.475482
1.994000 1.476062
1.996000 1.476644
1.998000 1.477227
2.000000 1.477811
