0.000000 0.519659
0.002000 0.530387
0.004000 0.541131
0.006000 0.551887
0.008000 0.562652
0.010000 0.573423
0.012000 0.584197
0.014000 0.594971
0.016000 0.605742
0.018000 0.616506
0.020000 0.627262
0.022000 0.638004
0.024000 0.648732
0.026000 0.659441
0.028000 0.670128
0.030000 0.680792
0.032000 0.691427
0.034000 0.702032
0.036000 0.712604
0.038000 0.723140
0.040000 0.733636
0.042000 0.744090
0.044000 0.754499
0.046000 0.764860
0.048000 0.775170
0.050000 0.785427
0.052000 0.795628
0.054000 0.805769
0.056000 0.815849
0.058000 0.825865
0.060000 0.835814
0.062000 0.845693
0.064000 0.855500
0.066000 0.865233
0.068000 0.874888
0.070000 0.884464
0.072000 0.893959
0.074000 0.903369
0.076000 0.912692
0.078000 0.921927
0.080000 0.931071
0.082000 0.940122
0.084000 0.949078
0.086000 0.957937
0.088000 0.966696
0.090000 0.975355
0.092000 0.983910
0.094000 0.992361
0.096000 1.000705
0.098000 1.008941
0.100000 1.017067
0.102000 1.025082
0.104000 1.032983
0.106000 1.040770
0.108000 1.048441
0.110000 1.055995
0.112000 1.063431
0.114000 1.070746
0.116000 1.077941
0.118000 1.085014
0.120000 1.091963
0.122000 1.098789
0.124000 1.105490
0.126000 1.112065
0.128000 1.118513
0.130000 1.124834
0.132000 1.131028
0.134000 1.137093
0.136000 1.143029
0.138000 1.148835
0.140000 1.154512
0.142000 1.160058
0.144000 1.165475
0.146000 1.170760
0.148000 1.175915
0.150000 1.180940
0.152000 1.185834
0.154000 1.190597
0.156000 1.195229
0.158000 1.199732
0.160000 1.204104
0.162000 1.208347
0.164000 1.212461
0.166000 1.216446
0.168000 1.220303
0.170000 1.224032
0.172000 1.227634
0.174000 1.231109
0.176000 1.234460
0.178000 1.237685
0.180000 1.240787
0.182000 1.243766
0.184000 1.246623
0.186000 1.249360
0.188000 1.251977
0.190000 1.254475
0.192000 1.256856
0.194000 1.259121
0.196000 1.261271
0.198000 1.263308
0.200000 1.265233
0.202000 1.267048
0.204000 1.268753
0.206000 1.270352
0.208000 1.271845
0.210000 1.273233
0.212000 1.274520
0.214000 1.275705
0.216000 1.276792
0.218000 1.277782
0.220000 1.278676
0.222000 1.279477
0.224000 1.280187
0.226000 1.280808
0.228000 1.281340
0.230000 1.281788
0.232000 1.282152
0.234000 1.282435
0.236000 1.282638
0.238000 1.282765
0.240000 1.282816
0.242000 1.282795
0.244000 1.282703
0.246000 1.282543
0.248000 1.282316
0.250000 1.282026
0.252000 1.281673
0.254000 1.281262
0.256000 1.280793
0.258000 1.280270
0.260000 1.279693
0.262000 1.279067
0.264000 1.278393
0.266000 1.277673
0.268000 1.276909
0.270000 1.276105
0.272000 1.275262
0.274000 1.274382
0.276000 1.273469
0.278000 1.272523
0.280000 1.271548
0.282000 1.270546
0.284000 1.269519
0.286000 1.268469
0.288000 1.267398
0.290000 1.266310
0.292000 1.265205
0.294000 1.264087
0.296000 1.262957
0.298000 1.261817
0.300000 1.260670
0.302000 1.259518
0.304000 1.258363
0.306000 1.257207
0.308000 1.256051
0.310000 1.254899
0.312000 1.253752
0.314000 1.252611
0.316000 1.251480
0.318000 1.250359
0.320000 1.249251
0.322000 1.248158
0.324000 1.247080
0.326000 1.246021
0.328000 1.244981
0.330000 1.243963
0.332000 1.242968
0.334000 1.241997
0.336000 1.241053
0.338000 1.240136
0.340000 1.239248
0.342000 1.238391
0.344000 1.237566
0.346000 1.236774
0.348000 1.236017
0.350000 1.235296
0.352000 1.234612
0.354000 1.233966
0.356000 1.233359
0.358000 1.232793
0.360000 1.232268
0.362000 1.231785
0.364000 1.231346
0.366000 1.230951
0.368000 1.230600
0.370000 1.230295
0.372000 1.230037
0.374000 1.229826
0.376000 1.229662
0.378000 1.229546
0.380000 1.229479
0.382000 1.229462
0.384000 1.229493
0.386000 1.229575
0.388000 1.229707
0.390000 1.229889
0.392000 1.230122
0.394000 1.230405
0.396000 1.230739
0.398000 1.231125
0.400000 1.231561
0.402000 1.232048
0.404000 1.232585
0.406000 1.233173
0.408000 1.233812
0.410000 1.234500
0.412000 1.235239
0.414000 1.236026
0.416000 1.236863
0.418000 1.237749
0.420000 1.238682
0.422000 1.239663
0.424000 1.240692
0.426000 1.241766
0.428000 1.242887
0.430000 1.244052
0.432000 1.245262
0.434000 1.246515
0.436000 1.247811
0.438000 1.249149
0.440000 1.250528
0.442000 1.251947
0.444000 1.253405
0.446000 1.254901
0.448000 1.256434
0.450000 1.258004
0.452000 1.259608
0.454000 1.261246
0.456000 1.262916
0.458000 1.264618
0.460000 1.266351
0.462000 1.268112
0.464000 1.269901
0.466000 1.271717
0.468000 1.273558
0.470000 1.275423
0.472000 1.277311
0.474000 1.279219
0.476000 1.281148
0.478000 1.283095
0.480000 1.285059
0.482000 1.287039
0.484000 1.289033
0.486000 1.291040
0.488000 1.293058
0.490000 1.295086
0.492000 1.297123
0.494000 1.299167
0.496000 1.301216
0.498000 1.303269
0.500000 1.305325
0.502000 1.307383
0.504000 1.309440
0.506000 1.311495
0.508000 1.313547
0.510000 1.315594
0.512000 1.317635
0.514000 1.319669
0.516000 1.321693
0.518000 1.323708
0.520000 1.325710
0.522000 1.327700
0.524000 1.329674
0.526000 1.331633
0.528000 1.333575
0.530000 1.335498
0.532000 1.337401
0.534000 1.339283
0.536000 1.341143
0.538000 1.342978
0.540000 1.344789
0.542000 1.346574
0.544000 1.348332
0.546000 1.350061
0.548000 1.351760
0.550000 1.353429
0.552000 1.355066
0.554000 1.356670
0.556000 1.358241
0.558000 1.359777
0.560000 1.361277
0.562000 1.362740
0.564000 1.364166
0.566000 1.365554
0.568000 1.366902
0.570000 1.368211
0.572000 1.369479
0.574000 1.370706
0.576000 1.371890
0.578000 1.373032
0.580000 1.374131
0.582000 1.375186
0.584000 1.376197
0.586000 1.377163
0.588000 1.378084
0.590000 1.378959
0.592000 1.379788
0.594000 1.380571
0.596000 1.381308
0.598000 1.381998
0.600000 1.382640
0.602000 1.383236
0.604000 1.383785
0.606000 1.384286
0.608000 1.384740
0.610000 1.385147
0.612000 1.385506
0.614000 1.385819
0.616000 1.386084
0.618000 1.386303
0.620000 1.386475
0.622000 1.386600
0.624000 1.386680
0.626000 1.386714
0.628000 1.386703
0.630000 1.386646
0.632000 1.386545
0.634000 1.386401
0.636000 1.386212
0.638000 1.385981
0.640000 1.385708
0.642000 1.385393
0.644000 1.385036
0.646000 1.384640
0.648000 1.384204
0.650000 1.383729
0.652000 1.383216
0.654000 1.382666
0.656000 1.382080
0.658000 1.381458
0.660000 1.380801
0.662000 1.380111
0.664000 1.379389
0.666000 1.378634
0.668000 1.377849
0.670000 1.377035
0.672000 1.376192
0.674000 1.375322
0.676000 1.374425
0.678000 1.373503
0.680000 1.372557
0.682000 1.371588
0.684000 1.370598
0.686000 1.369587
0.688000 1.368557
0.690000 1.367509
0.692000 1.366444
0.694000 1.365363
0.696000 1.364269
0.698000 1.363161
0.700000 1.362041
0.702000 1.360911
0.704000 1.359772
0.706000 1.358625
0.708000 1.357472
0.710000 1.356313
0.712000 1.355150
0.714000 1.353984
0.716000 1.352817
0.718000 1.351650
0.720000 1.350484
0.722000 1.349321
0.724000 1.348161
0.726000 1.347007
0.728000 1.345859
0.730000 1.344718
0.732000 1.343586
0.734000 1.342464
0.736000 1.341353
0.738000 1.340255
0.740000 1.339170
0.742000 1.338100
0.744000 1.337046
0.746000 1.336009
0.748000 1.334990
0.750000 1.333991
0.752000 1.333012
0.754000 1.332054
0.756000 1.331118
0.758000 1.330206
0.760000 1.329319
0.762000 1.328457
0.764000 1.327621
0.766000 1.326812
0.768000 1.326031
0.770000 1.325279
0.772000 1.324557
0.774000 1.323866
0.776000 1.323205
0.778000 1.322577
0.780000 1.321981
0.782000 1.321418
0.784000 1.320889
0.786000 1.320395
0.788000 1.319935
0.790000 1.319511
0.792000 1.319123
0.794000 1.318772
0.796000 1.318457
0.798000 1.318179
0.800000 1.317939
0.802000 1.317737
0.804000 1.317573
0.806000 1.317447
0.808000 1.317359
0.810000 1.317310
0.812000 1.317300
0.814000 1.317328
0.816000 1.317396
0.818000 1.317502
0.820000 1.317646
0.822000 1.317829
0.824000 1.318051
0.826000 1.318311
0.828000 1.318609
0.830000 1.318945
0.832000 1.319318
0.834000 1.319729
0.836000 1.320176
0.838000 1.320660
0.840000 1.321181
0.842000 1.321736
0.844000 1.322327
0.846000 1.322952
0.848000 1.323612
0.850000 1.324304
0.852000 1.325030
0.854000 1.325787
0.856000 1.326576
0.858000 1.327396
0.860000 1.328245
0.862000 1.329124
0.864000 1.330030
0.866000 1.330965
0.868000 1.331925
0.870000 1.332912
0.872000 1.333923
0.874000 1.334958
0.876000 1.336016
0.878000 1.337095
0.880000 1.338196
0.882000 1.339316
0.884000 1.340455
0.886000 1.341611
0.888000 1.342784
0.890000 1.343972
0.892000 1.345174
0.894000 1.346390
0.896000 1.347617
0.898000 1.348856
0.900000 1.350103
0.902000 1.351360
0.904000 1.352623
0.906000 1.353892
0.908000 1.355166
0.910000 1.356444
0.912000 1.357724
0.914000 1.359005
0.916000 1.360285
0.918000 1.361565
0.920000 1.362841
0.922000 1.364114
0.924000 1.365382
0.926000 1.366643
0.928000 1.367897
0.930000 1.369142
0.932000 1.370376
0.934000 1.371600
0.936000 1.372811
0.938000 1.374009
0.940000 1.375192
0.942000 1.376359
0.944000 1.377509
0.946000 1.378641
0.948000 1.379753
0.950000 1.380845
0.952000 1.381916
0.954000 1.382964
0.956000 1.383989
0.958000 1.384989
0.960000 1.385963
0.962000 1.386911
0.964000 1.387831
0.966000 1.388723
0.968000 1.389586
0.970000 1.390419
0.972000 1.391220
0.974000 1.391990
0.976000 1.392727
0.978000 1.393431
0.980000 1.394101
0.982000 1.394736
0.984000 1.395336
0.986000 1.395900
0.988000 1.396427
0.990000 1.396917
0.992000 1.397369
0.994000 1.397784
0.996000 1.398160
0.998000 1.398497
1.000000 1.398794
1.002000 1.399052
1.004000 1.399270
1.006000 1.399448
1.008000 1.399585
1.010000 1.399682
1.012000 1.399738
1.014000 1.399753
1.016000 1.399728
1.018000 1.399661
1.020000 1.399554
1.022000 1.399406
1.024000 1.399217
1.026000 1.398987
1.028000 1.398718
1.030000 1.398408
1.032000 1.398058
1.034000 1.397668
1.036000 1.397240
1.038000 1.396772
1.040000 1.396266
1.042000 1.395722
1.044000 1.395141
1.046000 1.394522
1.048000 1.393867
1.050000 1.393177
1.052000 1.392451
1.054000 1.391690
1.056000 1.390896
1.058000 1.390069
1.060000 1.389210
1.062000 1.388319
1.064000 1.387397
1.066000 1.386446
1.068000 1.385466
1.070000 1.384458
1.072000 1.383423
1.074000 1.382362
1.076000 1.381277
1.078000 1.380167
1.080000 1.379035
1.082000 1.377881
1.084000 1.376707
1.086000 1.375513
1.088000 1.374301
1.090000 1.373072
1.092000 1.371827
1.094000 1.370567
1.096000 1.369294
1.098000 1.368009
1.100000 1.366713
1.102000 1.365408
1.104000 1.364094
1.106000 1.362773
1.108000 1.361447
1.110000 1.360117
1.112000 1.358783
1.114000 1.357448
1.116000 1.356112
1.118000 1.354778
1.120000 1.353446
1.122000 1.352118
1.124000 1.350795
1.126000 1.349479
1.128000 1.348170
1.130000 1.346871
1.132000 1.345582
1.134000 1.344305
1.136000 1.343042
1.138000 1.341792
1.140000 1.340559
1.142000 1.339343
1.144000 1.338145
1.146000 1.336967
1.148000 1.335810
1.150000 1.334675
1.152000 1.333564
1.154000 1.332477
1.156000 1.331416
1.158000 1.330382
1.160000 1.329376
1.162000 1.328399
1.164000 1.327453
1.166000 1.326537
1.168000 1.325655
1.170000 1.324805
1.172000 1.323990
1.174000 1.323211
1.176000 1.322467
1.178000 1.321761
1.180000 1.321092
1.182000 1.320462
1.184000 1.319872
1.186000 1.319323
1.188000 1.318814
1.190000 1.318347
1.192000 1.317922
1.194000 1.317540
1.196000 1.317201
1.198000 1.316907
1.200000 1.316656
1.202000 1.316451
1.204000 1.316291
1.206000 1.316177
1.208000 1.316108
1.210000 1.316086
1.212000 1.316110
1.214000 1.316181
1.216000 1.316298
1.218000 1.316462
1.220000 1.316673
1.222000 1.316930
1.224000 1.317235
1.226000 1.317586
1.228000 1.317983
1.230000 1.318427
1.232000 1.318917
1.234000 1.319453
1.236000 1.320034
1.238000 1.320660
1.240000 1.321331
1.242000 1.322046
1.244000 1.322805
1.246000 1.323608
1.248000 1.324452
1.250000 1.325339
1.252000 1.326267
1.254000 1.327236
1.256000 1.328244
1.258000 1.329292
1.260000 1.330378
1.262000 1.331501
1.264000 1.332660
1.266000 1.333855
1.268000 1.335084
1.270000 1.336346
1.272000 1.337641
1.274000 1.338968
1.276000 1.340324
1.278000 1.341709
1.280000 1.343122
1.282000 1.344562
1.284000 1.346026
1.286000 1.347515
1.288000 1.349026
1.290000 1.350559
1.292000 1.352111
1.294000 1.353682
1.296000 1.355270
1.298000 1.356874
1.300000 1.358492
1.302000 1.360123
1.304000 1.361765
1.306000 1.363416
1.308000 1.365076
1.310000 1.366743
1.312000 1.368414
1.314000 1.370090
1.316000 1.371767
1.318000 1.373444
1.320000 1.375121
1.322000 1.376794
1.324000 1.378463
1.326000 1.380127
1.328000 1.381782
1.330000 1.383429
1.332000 1.385065
1.334000 1.386688
1.336000 1.388298
1.338000 1.389892
1.340000 1.391469
1.342000 1.393027
1.344000 1.394565
1.346000 1.396082
1.348000 1.397575
1.350000 1.399044
1.352000 1.400487
1.354000 1.401902
1.356000 1.403288
1.358000 1.404643
1.360000 1.405967
1.362000 1.407258
1.364000 1.408514
1.366000 1.409734
1.368000 1.410917
1.370000 1.412061
1.372000 1.413167
1.374000 1.414231
1.376000 1.415253
1.378000 1.416233
1.380000 1.417168
1.382000 1.418059
1.384000 1.418903
1.386000 1.419700
1.388000 1.420449
1.390000 1.421150
1.392000 1.421801
1.394000 1.422401
1.396000 1.422951
1.398000 1.423448
1.400000 1.423893
1.402000 1.424285
1.404000 1.424624
1.406000 1.424909
1.408000 1.425139
1.410000 1.425314
1.412000 1.425434
1.414000 1.425499
1.416000 1.425508
1.418000 1.425461
1.420000 1.425359
1.422000 1.425200
1.424000 1.424986
1.426000 1.424716
1.428000 1.424390
1.430000 1.424008
1.432000 1.423571
1.434000 1.423079
1.436000 1.422532
1.438000 1.421931
1.440000 1.421276
1.442000 1.420568
1.444000 1.419807
1.446000 1.418994
1.448000 1.418129
1.450000 1.417214
1.452000 1.416248
1.454000 1.415234
1.456000 1.414171
1.458000 1.413062
1.460000 1.411906
1.462000 1.410704
1.464000 1.409459
1.466000 1.408171
1.468000 1.406842
1.470000 1.405472
1.472000 1.404063
1.474000 1.402616
1.476000 1.401133
1.478000 1.399615
1.480000 1.398064
1.482000 1.396481
1.484000 1.394868
1.486000 1.393226
1.488000 1.391557
1.490000 1.389863
1.492000 1.388146
1.494000 1.386407
1.496000 1.384649
1.498000 1.382872
1.500000 1.381079
1.502000 1.379272
1.504000 1.377453
1.506000 1.375623
1.508000 1.373785
1.510000 1.371941
1.512000 1.370093
1.514000 1.368242
1.516000 1.366391
1.518000 1.364543
1.520000 1.362698
1.522000 1.360859
1.524000 1.359029
1.526000 1.357209
1.528000 1.355402
1.530000 1.353610
1.532000 1.351834
1.534000 1.350077
1.536000 1.348342
1.538000 1.346630
1.540000 1.344944
1.542000 1.343285
1.544000 1.341656
1.546000 1.340058
1.548000 1.338495
1.550000 1.336968
1.552000 1.335479
1.554000 1.334030
1.556000 1.332623
1.558000 1.331261
1.560000 1.329945
1.562000 1.328676
1.564000 1.327458
1.566000 1.326292
1.568000 1.325180
1.570000 1.324124
1.572000 1.323125
1.574000 1.322185
1.576000 1.321306
1.578000 1.320490
1.580000 1.319738
1.582000 1.319051
1.584000 1.318432
1.586000 1.317882
1.588000 1.317402
1.590000 1.316994
1.592000 1.316658
1.594000 1.316397
1.596000 1.316211
1.598000 1.316101
1.600000 1.316069
1.602000 1.316116
1.604000 1.316242
1.606000 1.316449
1.608000 1.316736
1.610000 1.317106
1.612000 1.317558
1.614000 1.318094
1.616000 1.318713
1.618000 1.319417
1.620000 1.320205
1.622000 1.321079
1.624000 1.322037
1.626000 1.323081
1.628000 1.324210
1.630000 1.325424
1.632000 1.326724
1.634000 1.328109
1.636000 1.329578
1.638000 1.331132
1.640000 1.332771
1.642000 1.334493
1.644000 1.336298
1.646000 1.338186
1.648000 1.340155
1.650000 1.342205
1.652000 1.344335
1.654000 1.346543
1.656000 1.348830
1.658000 1.351193
1.660000 1.353632
1.662000 1.356145
1.664000 1.358731
1.666000 1.361387
1.668000 1.364114
1.670000 1.366908
1.672000 1.369768
1.674000 1.372693
1.676000 1.375680
1.678000 1.378728
1.680000 1.381834
1.682000 1.384996
1.684000 1.388212
1.686000 1.391480
1.688000 1.394798
1.690000 1.398162
1.692000 1.401571
1.694000 1.405022
1.696000 1.408512
1.698000 1.412038
1.700000 1.415598
1.702000 1.419188
1.704000 1.422807
1.706000 1.426451
1.708000 1.430116
1.710000 1.433800
1.712000 1.437500
1.714000 1.441212
1.716000 1.444934
1.718000 1.448661
1.720000 1.452391
1.722000 1.456119
1.724000 1.459844
1.726000 1.463560
1.728000 1.467265
1.730000 1.470955
1.732000 1.474626
1.734000 1.478275
1.736000 1.481898
1.738000 1.485492
1.740000 1.489052
1.742000 1.492575
1.744000 1.496057
1.746000 1.499494
1.748000 1.502883
1.750000 1.506219
1.752000 1.509499
1.754000 1.512719
1.756000 1.515875
1.758000 1.518964
1.760000 1.521981
1.762000 1.524922
1.764000 1.527784
1.766000 1.530563
1.768000 1.533254
1.770000 1.535855
1.772000 1.538362
1.774000 1.540770
1.776000 1.543075
1.778000 1.545275
1.780000 1.547365
1.782000 1.549342
1.784000 1.551202
1.786000 1.552941
1.788000 1.554556
1.790000 1.556043
1.792000 1.557399
1.794000 1.558621
1.796000 1.559704
1.798000 1.560646
1.800000 1.561442
1.802000 1.562091
1.804000 1.562589
1.806000 1.562932
1.808000 1.563118
1.810000 1.563144
1.812000 1.563006
1.814000 1.562702
1.816000 1.562229
1.818000 1.561584
1.820000 1.560765
1.822000 1.559768
1.824000 1.558593
1.826000 1.557235
1.828000 1.555693
1.830000 1.553965
1.832000 1.552049
1.834000 1.549941
1.836000 1.547642
1.838000 1.545148
1.840000 1.542457
1.842000 1.539569
1.844000 1.536482
1.846000 1.533193
1.848000 1.529702
1.850000 1.526008
1.852000 1.522109
1.854000 1.518005
1.856000 1.513693
1.858000 1.509174
1.860000 1.504447
1.862000 1.499511
1.864000 1.494366
1.866000 1.489011
1.868000 1.483446
1.870000 1.477670
1.872000 1.471684
1.874000 1.465488
1.876000 1.459082
1.878000 1.452466
1.880000 1.445641
1.882000 1.438607
1.884000 1.431365
1.886000 1.423915
1.888000 1.416258
1.890000 1.408396
1.892000 1.400330
1.894000 1.392059
1.896000 1.383587
1.898000 1.374915
1.900000 1.366043
1.902000 1.356974
1.904000 1.347709
1.906000 1.338250
1.908000 1.328600
1.910000 1.318760
1.912000 1.308733
1.914000 1.298520
1.916000 1.288125
1.918000 1.277550
1.920000 1.266797
1.922000 1.255870
1.924000 1.244770
1.926000 1.233502
1.928000 1.222067
1.930000 1.210470
1.932000 1.198713
1.934000 1.186800
1.936000 1.174734
1.938000 1.162519
1.940000 1.150158
1.942000 1.137655
1.944000 1.125013
1.946000 1.112237
1.948000 1.099331
1.950000 1.086298
1.952000 1.073142
1.954000 1.059868
1.956000 1.046480
1.958000 1.032982
1.960000 1.019379
1.962000 1.005674
1.964000 0.991872
1.966000 0.977979
1.968000 0.963998
1.970000 0.949934
1.972000 0.935791
1.974000 0.921575
1.976000 0.907290
1.978000 0.892941
1.980000 0.878533
1.982000 0.864071
1.984000 0.849559
1.986000 0.835003
1.988000 0.820407
1.990000 0.805777
1.992000 0.791117
1.994000 0.776433
1.996000 0.761729
1.998000 0.747011
2.000000 0.732283
