150 0.037751
151 0.037704
152 0.037437
153 0.037390
154 0.037119
155 0.037071
156 0.036796
157 0.036747
158 0.036469
159 0.036420
160 0.036138
161 0.036088
162 0.035803
163 0.035751
164 0.035463
165 0.035411
166 0.035119
167 0.035066
168 0.034770
169 0.034717
170 0.034418
171 0.034363
172 0.034060
173 0.034005
174 0.033699
175 0.033642
176 0.033332
177 0.033275
178 0.032962
179 0.032904
180 0.032587
181 0.032528
182 0.032207
183 0.032148
184 0.031824
185 0.031763
186 0.031435
187 0.031374
188 0.031043
189 0.030981
190 0.030646
191 0.030583
192 0.030244
193 0.030181
194 0.029838
195 0.029774
196 0.029428
197 0.029363
198 0.029013
199 0.028947
200 0.028594
201 0.028527
202 0.028170
203 0.028103
204 0.027743
205 0.027675
206 0.027311
207 0.027242
208 0.026875
209 0.026805
210 0.026434
211 0.026364
212 0.025990
213 0.025919
214 0.025542
215 0.025470
216 0.025089
217 0.025017
218 0.024633
219 0.024560
220 0.024173
221 0.024100
222 0.023710
223 0.023636
224 0.023243
225 0.023169
226 0.022773
227 0.022701
228 0.022300
229 0.022292
230 0.021823
231 0.021883
232 0.021359
233 0.021473
234 0.020949
235 0.021063
236 0.020540
